time = 0 
0.0 0.0 -1.0 0.0 0.0 0.0 
0.0 0.0 0.0 0.0 -1.0 0.0 
0.0 -1.0 -1.0 1.0 -1.0 0.0 
0.0 0.0 -1.0 0.0 0.0 0.0 
0.0 -1.0 0.0 -1.0 0.0 0.0 
0.0 0.0 0.0 0.0 0.0 0.0 

time = 1
0.0 0.0 -1.0 0.0 0.0 0.0 
0.0 0.0 0.0 1.0 -1.0 0.0 
0.0 -1.0 -1.0 0.0 -1.0 0.0 
0.0 0.0 -1.0 0.0 0.0 0.0 
0.0 -1.0 0.0 -1.0 0.0 0.0 
0.0 0.0 0.0 0.0 0.0 0.0 

time = 2
0.0 0.0 -1.0 0.0 0.0 0.0 
0.0 0.0 0.0 0.0 -1.0 0.0 
0.0 -1.0 -1.0 1.0 -1.0 0.0 
0.0 0.0 -1.0 0.0 0.0 0.0 
0.0 -1.0 0.0 -1.0 0.0 0.0 
0.0 0.0 0.0 0.0 0.0 0.0 

time = 3
0.0 0.0 -1.0 0.0 0.0 0.0 
0.0 0.0 0.0 1.0 -1.0 0.0 
0.0 -1.0 -1.0 0.0 -1.0 0.0 
0.0 0.0 -1.0 0.0 0.0 0.0 
0.0 -1.0 0.0 -1.0 0.0 0.0 
0.0 0.0 0.0 0.0 0.0 0.0 

time = 4
0.0 0.0 -1.0 0.0 0.0 0.0 
0.0 0.0 0.0 0.0 -1.0 0.0 
0.0 -1.0 -1.0 1.0 -1.0 0.0 
0.0 0.0 -1.0 0.0 0.0 0.0 
0.0 -1.0 0.0 -1.0 0.0 0.0 
0.0 0.0 0.0 0.0 0.0 0.0 

time = 5
0.0 0.0 -1.0 0.0 0.0 0.0 
0.0 0.0 0.0 0.0 -1.0 0.0 
0.0 -1.0 -1.0 0.0 -1.0 0.0 
0.0 0.0 -1.0 1.0 0.0 0.0 
0.0 -1.0 0.0 -1.0 0.0 0.0 
0.0 0.0 0.0 0.0 0.0 0.0 

time = 6
0.0 0.0 -1.0 0.0 0.0 0.0 
0.0 0.0 0.0 0.0 -1.0 0.0 
0.0 -1.0 -1.0 0.0 -1.0 0.0 
0.0 0.0 -1.0 0.0 1.0 0.0 
0.0 -1.0 0.0 -1.0 0.0 0.0 
0.0 0.0 0.0 0.0 0.0 0.0 

time = 7
0.0 0.0 -1.0 0.0 0.0 0.0 
0.0 0.0 0.0 0.0 -1.0 0.0 
0.0 -1.0 -1.0 0.0 -1.0 0.0 
0.0 0.0 -1.0 1.0 0.0 0.0 
0.0 -1.0 0.0 -1.0 0.0 0.0 
0.0 0.0 0.0 0.0 0.0 0.0 

time = 8
0.0 0.0 -1.0 0.0 0.0 0.0 
0.0 0.0 0.0 0.0 -1.0 0.0 
0.0 -1.0 -1.0 1.0 -1.0 0.0 
0.0 0.0 -1.0 0.0 0.0 0.0 
0.0 -1.0 0.0 -1.0 0.0 0.0 
0.0 0.0 0.0 0.0 0.0 0.0 

time = 9
0.0 0.0 -1.0 0.0 0.0 0.0 
0.0 0.0 0.0 1.0 -1.0 0.0 
0.0 -1.0 -1.0 0.0 -1.0 0.0 
0.0 0.0 -1.0 0.0 0.0 0.0 
0.0 -1.0 0.0 -1.0 0.0 0.0 
0.0 0.0 0.0 0.0 0.0 0.0 

time = 10
0.0 0.0 -1.0 0.0 0.0 0.0 
0.0 0.0 0.0 0.0 -1.0 0.0 
0.0 -1.0 -1.0 2.0 -1.0 0.0 
0.0 0.0 -1.0 0.0 0.0 0.0 
0.0 -1.0 0.0 -1.0 0.0 0.0 
0.0 0.0 0.0 0.0 0.0 0.0 

time = 11
0.0 0.0 -1.0 0.0 0.0 0.0 
0.0 0.0 0.0 2.0 -1.0 0.0 
0.0 -1.0 -1.0 0.0 -1.0 0.0 
0.0 0.0 -1.0 0.0 0.0 0.0 
0.0 -1.0 0.0 -1.0 0.0 0.0 
0.0 0.0 0.0 0.0 0.0 0.0 

time = 12
0.0 0.0 -1.0 1.0 0.0 0.0 
0.0 0.0 1.0 0.0 -1.0 0.0 
0.0 -1.0 -1.0 0.0 -1.0 0.0 
0.0 0.0 -1.0 0.0 0.0 0.0 
0.0 -1.0 0.0 -1.0 0.0 0.0 
0.0 0.0 0.0 0.0 0.0 0.0 

time = 13
0.0 0.0 -1.0 0.0 1.0 0.0 
0.0 0.0 0.0 1.0 -1.0 0.0 
0.0 -1.0 -1.0 0.0 -1.0 0.0 
0.0 0.0 -1.0 0.0 0.0 0.0 
0.0 -1.0 0.0 -1.0 0.0 0.0 
0.0 0.0 0.0 0.0 0.0 0.0 

time = 14
0.0 0.0 -1.0 0.0 0.0 1.0 
0.0 0.0 0.0 0.0 -1.0 0.0 
0.0 -1.0 -1.0 1.0 -1.0 0.0 
0.0 0.0 -1.0 0.0 0.0 0.0 
0.0 -1.0 0.0 -1.0 0.0 0.0 
0.0 0.0 0.0 0.0 0.0 0.0 

time = 15
0.0 0.0 -1.0 0.0 0.0 0.0 
0.0 0.0 0.0 1.0 -1.0 1.0 
0.0 -1.0 -1.0 0.0 -1.0 0.0 
0.0 0.0 -1.0 0.0 0.0 0.0 
0.0 -1.0 0.0 -1.0 0.0 0.0 
0.0 0.0 0.0 0.0 0.0 0.0 

time = 16
0.0 0.0 -1.0 0.0 0.0 1.0 
0.0 0.0 0.0 0.0 -1.0 0.0 
0.0 -1.0 -1.0 1.0 -1.0 0.0 
0.0 0.0 -1.0 0.0 0.0 0.0 
0.0 -1.0 0.0 -1.0 0.0 0.0 
0.0 0.0 0.0 0.0 0.0 0.0 

time = 17
0.0 0.0 -1.0 0.0 0.0 0.0 
0.0 0.0 0.0 1.0 -1.0 1.0 
0.0 -1.0 -1.0 0.0 -1.0 0.0 
0.0 0.0 -1.0 0.0 0.0 0.0 
0.0 -1.0 0.0 -1.0 0.0 0.0 
0.0 0.0 0.0 0.0 0.0 0.0 

time = 18
0.0 0.0 -1.0 1.0 0.0 1.0 
0.0 0.0 0.0 0.0 -1.0 0.0 
0.0 -1.0 -1.0 0.0 -1.0 0.0 
0.0 0.0 -1.0 0.0 0.0 0.0 
0.0 -1.0 0.0 -1.0 0.0 0.0 
0.0 0.0 0.0 0.0 0.0 0.0 

time = 19
0.0 0.0 -1.0 0.0 2.0 0.0 
0.0 0.0 0.0 0.0 -1.0 0.0 
0.0 -1.0 -1.0 0.0 -1.0 0.0 
0.0 0.0 -1.0 0.0 0.0 0.0 
0.0 -1.0 0.0 -1.0 0.0 0.0 
0.0 0.0 0.0 0.0 0.0 0.0 

time = 20
0.0 0.0 -1.0 1.0 0.0 1.0 
0.0 0.0 0.0 0.0 -1.0 0.0 
0.0 -1.0 -1.0 1.0 -1.0 0.0 
0.0 0.0 -1.0 0.0 0.0 0.0 
0.0 -1.0 0.0 -1.0 0.0 0.0 
0.0 0.0 0.0 0.0 0.0 0.0 

time = 21
0.0 0.0 -1.0 0.0 1.0 0.0 
0.0 0.0 0.0 1.0 -1.0 0.0 
0.0 -1.0 -1.0 0.0 -1.0 0.0 
0.0 0.0 -1.0 1.0 0.0 0.0 
0.0 -1.0 0.0 -1.0 0.0 0.0 
0.0 0.0 0.0 0.0 0.0 0.0 

time = 22
0.0 0.0 -1.0 1.0 0.0 1.0 
0.0 0.0 0.0 0.0 -1.0 0.0 
0.0 -1.0 -1.0 1.0 -1.0 0.0 
0.0 0.0 -1.0 0.0 0.0 0.0 
0.0 -1.0 0.0 -1.0 0.0 0.0 
0.0 0.0 0.0 0.0 0.0 0.0 

time = 23
0.0 0.0 -1.0 0.0 1.0 0.0 
0.0 0.0 0.0 1.0 -1.0 0.0 
0.0 -1.0 -1.0 0.0 -1.0 0.0 
0.0 0.0 -1.0 1.0 0.0 0.0 
0.0 -1.0 0.0 -1.0 0.0 0.0 
0.0 0.0 0.0 0.0 0.0 0.0 

time = 24
0.0 0.0 -1.0 1.0 0.0 0.0 
0.0 0.0 0.0 0.0 -1.0 0.0 
0.0 -1.0 -1.0 1.0 -1.0 0.0 
0.0 0.0 -1.0 0.0 1.0 0.0 
0.0 -1.0 0.0 -1.0 0.0 0.0 
0.0 0.0 0.0 0.0 0.0 0.0 

time = 25
0.0 0.0 -1.0 0.0 0.0 0.0 
0.0 0.0 0.0 1.0 -1.0 0.0 
0.0 -1.0 -1.0 0.0 -1.0 0.0 
0.0 0.0 -1.0 2.0 0.0 0.0 
0.0 -1.0 0.0 -1.0 0.0 0.0 
0.0 0.0 0.0 0.0 0.0 0.0 

time = 26
0.0 0.0 -1.0 1.0 0.0 0.0 
0.0 0.0 0.0 0.0 -1.0 0.0 
0.0 -1.0 -1.0 2.0 -1.0 0.0 
0.0 0.0 -1.0 0.0 0.0 0.0 
0.0 -1.0 0.0 -1.0 0.0 0.0 
0.0 0.0 0.0 0.0 0.0 0.0 

time = 27
0.0 0.0 -1.0 0.0 0.0 0.0 
0.0 0.0 0.0 1.0 -1.0 0.0 
0.0 -1.0 -1.0 0.0 -1.0 0.0 
0.0 0.0 -1.0 2.0 0.0 0.0 
0.0 -1.0 0.0 -1.0 0.0 0.0 
0.0 0.0 0.0 0.0 0.0 0.0 

time = 28
0.0 0.0 -1.0 0.0 0.0 0.0 
0.0 0.0 1.0 0.0 -1.0 0.0 
0.0 -1.0 -1.0 0.0 -1.0 0.0 
0.0 0.0 -1.0 0.0 2.0 0.0 
0.0 -1.0 0.0 -1.0 0.0 0.0 
0.0 0.0 0.0 0.0 0.0 0.0 

time = 29
0.0 0.0 -1.0 0.0 0.0 0.0 
0.0 1.0 0.0 0.0 -1.0 0.0 
0.0 -1.0 -1.0 0.0 -1.0 0.0 
0.0 0.0 -1.0 0.0 0.0 1.0 
0.0 -1.0 0.0 -1.0 1.0 0.0 
0.0 0.0 0.0 0.0 0.0 0.0 

time = 30
0.0 0.0 -1.0 0.0 0.0 0.0 
0.0 0.0 1.0 0.0 -1.0 0.0 
0.0 -1.0 -1.0 1.0 -1.0 0.0 
0.0 0.0 -1.0 0.0 1.0 0.0 
0.0 -1.0 0.0 -1.0 0.0 1.0 
0.0 0.0 0.0 0.0 0.0 0.0 

time = 31
0.0 0.0 -1.0 0.0 0.0 0.0 
0.0 1.0 0.0 1.0 -1.0 0.0 
0.0 -1.0 -1.0 0.0 -1.0 0.0 
0.0 0.0 -1.0 0.0 0.0 0.0 
0.0 -1.0 0.0 -1.0 1.0 0.0 
0.0 0.0 0.0 0.0 0.0 1.0 

time = 32
0.0 0.0 -1.0 0.0 0.0 0.0 
1.0 0.0 0.0 0.0 -1.0 0.0 
0.0 -1.0 -1.0 1.0 -1.0 0.0 
0.0 0.0 -1.0 0.0 0.0 0.0 
0.0 -1.0 0.0 -1.0 0.0 1.0 
0.0 0.0 0.0 0.0 1.0 0.0 

time = 33
0.0 0.0 -1.0 0.0 0.0 0.0 
0.0 1.0 0.0 0.0 -1.0 0.0 
0.0 -1.0 -1.0 0.0 -1.0 0.0 
0.0 0.0 -1.0 1.0 0.0 0.0 
0.0 -1.0 0.0 -1.0 0.0 0.0 
0.0 0.0 0.0 1.0 0.0 1.0 

time = 34
0.0 1.0 -1.0 0.0 0.0 0.0 
0.0 0.0 0.0 0.0 -1.0 0.0 
0.0 -1.0 -1.0 1.0 -1.0 0.0 
0.0 0.0 -1.0 0.0 0.0 0.0 
0.0 -1.0 0.0 -1.0 0.0 1.0 
0.0 0.0 1.0 0.0 0.0 0.0 

time = 35
0.0 0.0 -1.0 0.0 0.0 0.0 
0.0 1.0 0.0 0.0 -1.0 0.0 
0.0 -1.0 -1.0 0.0 -1.0 0.0 
0.0 0.0 -1.0 1.0 0.0 1.0 
0.0 -1.0 0.0 -1.0 0.0 0.0 
0.0 1.0 0.0 0.0 0.0 0.0 

time = 36
0.0 1.0 -1.0 0.0 0.0 0.0 
0.0 0.0 0.0 0.0 -1.0 0.0 
0.0 -1.0 -1.0 1.0 -1.0 1.0 
0.0 0.0 -1.0 0.0 0.0 0.0 
0.0 -1.0 0.0 -1.0 0.0 0.0 
1.0 0.0 0.0 0.0 0.0 0.0 

time = 37
1.0 0.0 -1.0 0.0 0.0 0.0 
0.0 0.0 0.0 0.0 -1.0 1.0 
0.0 -1.0 -1.0 0.0 -1.0 0.0 
0.0 0.0 -1.0 1.0 0.0 0.0 
1.0 -1.0 0.0 -1.0 0.0 0.0 
0.0 0.0 0.0 0.0 0.0 0.0 

time = 38
0.0 0.0 -1.0 0.0 0.0 0.0 
1.0 0.0 0.0 0.0 -1.0 0.0 
0.0 -1.0 -1.0 1.0 -1.0 1.0 
0.0 0.0 -1.0 0.0 0.0 0.0 
0.0 -1.0 0.0 -1.0 0.0 0.0 
1.0 0.0 0.0 0.0 0.0 0.0 

time = 39
0.0 0.0 -1.0 0.0 0.0 0.0 
0.0 0.0 0.0 1.0 -1.0 0.0 
1.0 -1.0 -1.0 0.0 -1.0 0.0 
0.0 0.0 -1.0 0.0 0.0 1.0 
1.0 -1.0 0.0 -1.0 0.0 0.0 
0.0 0.0 0.0 0.0 0.0 0.0 

time = 40
0.0 0.0 -1.0 1.0 0.0 0.0 
1.0 0.0 0.0 0.0 -1.0 0.0 
0.0 -1.0 -1.0 1.0 -1.0 1.0 
1.0 0.0 -1.0 0.0 0.0 0.0 
0.0 -1.0 0.0 -1.0 0.0 0.0 
0.0 0.0 0.0 0.0 0.0 0.0 

time = 41
1.0 0.0 -1.0 0.0 1.0 0.0 
0.0 0.0 0.0 0.0 -1.0 1.0 
0.0 -1.0 -1.0 0.0 -1.0 0.0 
0.0 1.0 -1.0 1.0 0.0 0.0 
0.0 -1.0 0.0 -1.0 0.0 0.0 
0.0 0.0 0.0 0.0 0.0 0.0 

time = 42
0.0 0.0 -1.0 1.0 0.0 1.0 
1.0 0.0 0.0 0.0 -1.0 0.0 
0.0 -1.0 -1.0 1.0 -1.0 0.0 
1.0 0.0 -1.0 0.0 0.0 0.0 
0.0 -1.0 0.0 -1.0 0.0 0.0 
0.0 0.0 0.0 0.0 0.0 0.0 

time = 43
1.0 0.0 -1.0 0.0 0.0 0.0 
0.0 0.0 0.0 1.0 -1.0 1.0 
1.0 -1.0 -1.0 0.0 -1.0 0.0 
0.0 0.0 -1.0 1.0 0.0 0.0 
0.0 -1.0 0.0 -1.0 0.0 0.0 
0.0 0.0 0.0 0.0 0.0 0.0 

time = 44
0.0 1.0 -1.0 0.0 0.0 0.0 
1.0 0.0 0.0 0.0 -1.0 0.0 
0.0 -1.0 -1.0 2.0 -1.0 1.0 
0.0 0.0 -1.0 0.0 0.0 0.0 
0.0 -1.0 0.0 -1.0 0.0 0.0 
0.0 0.0 0.0 0.0 0.0 0.0 

time = 45
0.0 0.0 -1.0 0.0 0.0 0.0 
0.0 2.0 0.0 2.0 -1.0 1.0 
0.0 -1.0 -1.0 0.0 -1.0 0.0 
0.0 0.0 -1.0 0.0 0.0 0.0 
0.0 -1.0 0.0 -1.0 0.0 0.0 
0.0 0.0 0.0 0.0 0.0 0.0 

time = 46
0.0 1.0 -1.0 2.0 0.0 0.0 
0.0 0.0 1.0 0.0 -1.0 0.0 
0.0 -1.0 -1.0 0.0 -1.0 1.0 
0.0 0.0 -1.0 0.0 0.0 0.0 
0.0 -1.0 0.0 -1.0 0.0 0.0 
0.0 0.0 0.0 0.0 0.0 0.0 

time = 47
0.0 0.0 -1.0 0.0 2.0 0.0 
0.0 1.0 0.0 1.0 -1.0 1.0 
0.0 -1.0 -1.0 0.0 -1.0 0.0 
0.0 0.0 -1.0 0.0 0.0 0.0 
0.0 -1.0 0.0 -1.0 0.0 0.0 
0.0 0.0 0.0 0.0 0.0 0.0 

time = 48
0.0 1.0 -1.0 1.0 0.0 2.0 
0.0 0.0 0.0 0.0 -1.0 0.0 
0.0 -1.0 -1.0 1.0 -1.0 0.0 
0.0 0.0 -1.0 0.0 0.0 0.0 
0.0 -1.0 0.0 -1.0 0.0 0.0 
0.0 0.0 0.0 0.0 0.0 0.0 

time = 49
1.0 0.0 -1.0 0.0 1.0 0.0 
0.0 0.0 0.0 1.0 -1.0 1.0 
0.0 -1.0 -1.0 0.0 -1.0 0.0 
0.0 0.0 -1.0 1.0 0.0 0.0 
0.0 -1.0 0.0 -1.0 0.0 0.0 
0.0 0.0 0.0 0.0 0.0 0.0 

time = 50
0.0 0.0 -1.0 0.0 0.0 1.0 
1.0 0.0 0.0 0.0 -1.0 0.0 
0.0 -1.0 -1.0 3.0 -1.0 1.0 
0.0 0.0 -1.0 0.0 0.0 0.0 
0.0 -1.0 0.0 -1.0 0.0 0.0 
0.0 0.0 0.0 0.0 0.0 0.0 

time = 51
1.0 0.0 -1.0 0.0 0.0 0.0 
0.0 0.0 0.0 2.0 -1.0 1.0 
0.0 -1.0 -1.0 0.0 -1.0 0.0 
0.0 0.0 -1.0 1.0 0.0 1.0 
0.0 -1.0 0.0 -1.0 0.0 0.0 
0.0 0.0 0.0 0.0 0.0 0.0 

time = 52
0.0 1.0 -1.0 0.0 0.0 1.0 
0.0 0.0 1.0 0.0 -1.0 0.0 
0.0 -1.0 -1.0 1.0 -1.0 0.0 
0.0 0.0 -1.0 0.0 1.0 0.0 
0.0 -1.0 0.0 -1.0 0.0 1.0 
0.0 0.0 0.0 0.0 0.0 0.0 

time = 53
0.0 0.0 -1.0 0.0 1.0 0.0 
0.0 2.0 0.0 0.0 -1.0 0.0 
0.0 -1.0 -1.0 0.0 -1.0 0.0 
0.0 0.0 -1.0 1.0 0.0 0.0 
0.0 -1.0 0.0 -1.0 2.0 0.0 
0.0 0.0 0.0 0.0 0.0 0.0 

time = 54
0.0 1.0 -1.0 0.0 0.0 1.0 
0.0 0.0 1.0 0.0 -1.0 0.0 
0.0 -1.0 -1.0 0.0 -1.0 0.0 
0.0 0.0 -1.0 0.0 2.0 0.0 
0.0 -1.0 0.0 -1.0 0.0 0.0 
0.0 0.0 0.0 0.0 1.0 0.0 

time = 55
1.0 0.0 -1.0 0.0 1.0 0.0 
0.0 1.0 0.0 0.0 -1.0 0.0 
0.0 -1.0 -1.0 0.0 -1.0 0.0 
0.0 0.0 -1.0 0.0 0.0 1.0 
0.0 -1.0 0.0 -1.0 1.0 0.0 
0.0 0.0 0.0 0.0 0.0 1.0 

time = 56
0.0 1.0 -1.0 0.0 0.0 1.0 
0.0 0.0 1.0 0.0 -1.0 0.0 
0.0 -1.0 -1.0 0.0 -1.0 0.0 
0.0 0.0 -1.0 0.0 1.0 0.0 
0.0 -1.0 0.0 -1.0 0.0 2.0 
0.0 0.0 0.0 0.0 0.0 0.0 

time = 57
0.0 0.0 -1.0 0.0 1.0 0.0 
0.0 2.0 0.0 0.0 -1.0 0.0 
0.0 -1.0 -1.0 0.0 -1.0 0.0 
0.0 0.0 -1.0 1.0 0.0 0.0 
0.0 -1.0 0.0 -1.0 1.0 0.0 
0.0 0.0 0.0 0.0 0.0 1.0 

time = 58
0.0 0.0 -1.0 0.0 0.0 1.0 
1.0 0.0 1.0 0.0 -1.0 0.0 
0.0 -1.0 -1.0 1.0 -1.0 0.0 
0.0 0.0 -1.0 0.0 0.0 0.0 
0.0 -1.0 0.0 -1.0 0.0 1.0 
0.0 0.0 0.0 0.0 1.0 0.0 

time = 59
0.0 0.0 -1.0 0.0 1.0 0.0 
0.0 2.0 0.0 0.0 -1.0 0.0 
0.0 -1.0 -1.0 0.0 -1.0 0.0 
0.0 0.0 -1.0 1.0 0.0 0.0 
0.0 -1.0 0.0 -1.0 2.0 0.0 
0.0 0.0 0.0 0.0 0.0 0.0 

time = 60
0.0 2.0 -1.0 1.0 0.0 0.0 
0.0 0.0 0.0 0.0 -1.0 0.0 
0.0 -1.0 -1.0 2.0 -1.0 0.0 
0.0 0.0 -1.0 0.0 1.0 0.0 
0.0 -1.0 0.0 -1.0 0.0 0.0 
0.0 0.0 0.0 0.0 1.0 0.0 

time = 61
2.0 0.0 -1.0 0.0 1.0 0.0 
0.0 0.0 0.0 0.0 -1.0 0.0 
0.0 -1.0 -1.0 0.0 -1.0 0.0 
0.0 0.0 -1.0 2.0 0.0 0.0 
0.0 -1.0 0.0 -1.0 2.0 0.0 
0.0 0.0 0.0 0.0 0.0 0.0 

time = 62
0.0 1.0 -1.0 0.0 0.0 1.0 
1.0 0.0 0.0 0.0 -1.0 0.0 
0.0 -1.0 -1.0 2.0 -1.0 0.0 
0.0 0.0 -1.0 0.0 1.0 0.0 
0.0 -1.0 0.0 -1.0 0.0 1.0 
0.0 0.0 0.0 0.0 0.0 0.0 

time = 63
1.0 0.0 -1.0 0.0 1.0 0.0 
0.0 1.0 0.0 1.0 -1.0 0.0 
0.0 -1.0 -1.0 0.0 -1.0 0.0 
0.0 0.0 -1.0 1.0 0.0 0.0 
0.0 -1.0 0.0 -1.0 1.0 0.0 
0.0 0.0 0.0 0.0 0.0 1.0 

time = 64
0.0 0.0 -1.0 1.0 0.0 1.0 
2.0 0.0 0.0 0.0 -1.0 0.0 
0.0 -1.0 -1.0 1.0 -1.0 0.0 
0.0 0.0 -1.0 0.0 0.0 0.0 
0.0 -1.0 0.0 -1.0 0.0 1.0 
0.0 0.0 0.0 0.0 1.0 0.0 

time = 65
0.0 0.0 -1.0 0.0 1.0 0.0 
0.0 1.0 0.0 0.0 -1.0 1.0 
1.0 -1.0 -1.0 0.0 -1.0 0.0 
0.0 0.0 -1.0 1.0 0.0 0.0 
0.0 -1.0 0.0 -1.0 2.0 0.0 
0.0 0.0 0.0 0.0 0.0 0.0 

time = 66
0.0 1.0 -1.0 1.0 0.0 1.0 
1.0 0.0 0.0 0.0 -1.0 0.0 
0.0 -1.0 -1.0 1.0 -1.0 0.0 
0.0 0.0 -1.0 0.0 0.0 0.0 
0.0 -1.0 0.0 -1.0 0.0 1.0 
0.0 0.0 0.0 0.0 1.0 0.0 

time = 67
0.0 0.0 -1.0 0.0 2.0 0.0 
0.0 2.0 0.0 0.0 -1.0 0.0 
0.0 -1.0 -1.0 0.0 -1.0 0.0 
0.0 0.0 -1.0 1.0 0.0 0.0 
0.0 -1.0 0.0 -1.0 1.0 0.0 
0.0 0.0 0.0 1.0 0.0 0.0 

time = 68
0.0 0.0 -1.0 1.0 0.0 1.0 
1.0 0.0 1.0 0.0 -1.0 0.0 
0.0 -1.0 -1.0 0.0 -1.0 0.0 
0.0 0.0 -1.0 0.0 1.0 0.0 
0.0 -1.0 0.0 -1.0 0.0 1.0 
0.0 0.0 1.0 0.0 0.0 0.0 

time = 69
0.0 0.0 -1.0 0.0 2.0 0.0 
0.0 1.0 0.0 0.0 -1.0 0.0 
1.0 -1.0 -1.0 0.0 -1.0 0.0 
0.0 0.0 -1.0 0.0 0.0 1.0 
0.0 -1.0 1.0 -1.0 1.0 0.0 
0.0 0.0 0.0 0.0 0.0 0.0 

time = 70
0.0 1.0 -1.0 1.0 0.0 1.0 
1.0 0.0 0.0 0.0 -1.0 0.0 
0.0 -1.0 -1.0 1.0 -1.0 1.0 
0.0 0.0 -1.0 0.0 0.0 0.0 
0.0 -1.0 0.0 -1.0 0.0 0.0 
0.0 0.0 1.0 0.0 1.0 0.0 

time = 71
1.0 0.0 -1.0 0.0 1.0 0.0 
0.0 1.0 0.0 1.0 -1.0 1.0 
0.0 -1.0 -1.0 0.0 -1.0 0.0 
0.0 0.0 -1.0 0.0 0.0 1.0 
0.0 -1.0 0.0 -1.0 0.0 0.0 
0.0 0.0 0.0 2.0 0.0 0.0 

time = 72
0.0 1.0 -1.0 1.0 0.0 0.0 
1.0 0.0 0.0 0.0 -1.0 0.0 
0.0 -1.0 -1.0 1.0 -1.0 1.0 
0.0 0.0 -1.0 0.0 0.0 0.0 
0.0 -1.0 0.0 -1.0 0.0 1.0 
0.0 0.0 2.0 0.0 0.0 0.0 

time = 73
2.0 0.0 -1.0 0.0 1.0 0.0 
0.0 0.0 0.0 0.0 -1.0 0.0 
0.0 -1.0 -1.0 0.0 -1.0 0.0 
0.0 0.0 -1.0 1.0 0.0 1.0 
0.0 -1.0 1.0 -1.0 0.0 0.0 
0.0 0.0 0.0 1.0 0.0 1.0 

time = 74
0.0 0.0 -1.0 0.0 0.0 1.0 
2.0 0.0 0.0 0.0 -1.0 0.0 
0.0 -1.0 -1.0 1.0 -1.0 1.0 
0.0 0.0 -1.0 0.0 0.0 0.0 
0.0 -1.0 0.0 -1.0 0.0 0.0 
0.0 0.0 2.0 0.0 1.0 0.0 

time = 75
0.0 0.0 -1.0 0.0 0.0 0.0 
0.0 1.0 0.0 0.0 -1.0 1.0 
1.0 -1.0 -1.0 0.0 -1.0 0.0 
0.0 0.0 -1.0 1.0 0.0 1.0 
0.0 -1.0 1.0 -1.0 0.0 0.0 
0.0 1.0 0.0 0.0 0.0 1.0 

time = 76
0.0 1.0 -1.0 0.0 0.0 0.0 
0.0 0.0 0.0 0.0 -1.0 0.0 
0.0 -1.0 -1.0 0.0 -1.0 2.0 
1.0 0.0 -1.0 0.0 1.0 0.0 
0.0 -1.0 0.0 -1.0 0.0 0.0 
1.0 0.0 1.0 0.0 1.0 0.0 

time = 77
0.0 0.0 -1.0 0.0 0.0 0.0 
0.0 1.0 0.0 0.0 -1.0 2.0 
1.0 -1.0 -1.0 0.0 -1.0 0.0 
0.0 0.0 -1.0 0.0 0.0 0.0 
0.0 -1.0 1.0 -1.0 1.0 0.0 
0.0 1.0 0.0 1.0 0.0 0.0 

time = 78
0.0 1.0 -1.0 0.0 0.0 0.0 
0.0 0.0 0.0 0.0 -1.0 0.0 
0.0 -1.0 -1.0 0.0 -1.0 2.0 
1.0 0.0 -1.0 0.0 0.0 0.0 
0.0 -1.0 0.0 -1.0 0.0 0.0 
1.0 0.0 2.0 0.0 1.0 0.0 

time = 79
0.0 0.0 -1.0 0.0 0.0 0.0 
0.0 1.0 0.0 0.0 -1.0 1.0 
0.0 -1.0 -1.0 0.0 -1.0 0.0 
0.0 0.0 -1.0 0.0 0.0 1.0 
2.0 -1.0 0.0 -1.0 1.0 0.0 
0.0 0.0 0.0 2.0 0.0 0.0 

time = 80
0.0 1.0 -1.0 0.0 0.0 0.0 
0.0 0.0 0.0 0.0 -1.0 0.0 
0.0 -1.0 -1.0 1.0 -1.0 2.0 
0.0 0.0 -1.0 0.0 1.0 0.0 
0.0 -1.0 0.0 -1.0 0.0 0.0 
2.0 0.0 0.0 0.0 2.0 0.0 

time = 81
1.0 0.0 -1.0 0.0 0.0 0.0 
0.0 0.0 0.0 0.0 -1.0 1.0 
0.0 -1.0 -1.0 0.0 -1.0 0.0 
0.0 0.0 -1.0 1.0 0.0 2.0 
1.0 -1.0 0.0 -1.0 1.0 0.0 
0.0 1.0 0.0 1.0 0.0 0.0 

time = 82
0.0 1.0 -1.0 0.0 0.0 1.0 
0.0 0.0 0.0 0.0 -1.0 0.0 
0.0 -1.0 -1.0 1.0 -1.0 2.0 
1.0 0.0 -1.0 0.0 1.0 0.0 
0.0 -1.0 0.0 -1.0 0.0 0.0 
0.0 0.0 1.0 0.0 1.0 0.0 

time = 83
1.0 0.0 -1.0 0.0 1.0 0.0 
0.0 0.0 0.0 1.0 -1.0 1.0 
1.0 -1.0 -1.0 0.0 -1.0 0.0 
0.0 0.0 -1.0 1.0 0.0 1.0 
0.0 -1.0 0.0 -1.0 0.0 0.0 
0.0 1.0 0.0 1.0 0.0 0.0 

time = 84
0.0 1.0 -1.0 2.0 0.0 0.0 
1.0 0.0 0.0 0.0 -1.0 0.0 
0.0 -1.0 -1.0 1.0 -1.0 1.0 
0.0 0.0 -1.0 0.0 1.0 0.0 
0.0 -1.0 0.0 -1.0 0.0 0.0 
1.0 0.0 1.0 0.0 0.0 0.0 

time = 85
1.0 0.0 -1.0 0.0 1.0 0.0 
0.0 1.0 0.0 2.0 -1.0 0.0 
0.0 -1.0 -1.0 0.0 -1.0 0.0 
0.0 0.0 -1.0 1.0 0.0 1.0 
1.0 -1.0 0.0 -1.0 0.0 0.0 
0.0 1.0 0.0 0.0 0.0 0.0 

time = 86
0.0 2.0 -1.0 0.0 0.0 1.0 
0.0 0.0 0.0 0.0 -1.0 0.0 
0.0 -1.0 -1.0 3.0 -1.0 1.0 
0.0 0.0 -1.0 0.0 0.0 0.0 
0.0 -1.0 0.0 -1.0 0.0 0.0 
2.0 0.0 0.0 0.0 0.0 0.0 

time = 87
0.0 0.0 -1.0 0.0 1.0 0.0 
0.0 2.0 0.0 1.0 -1.0 0.0 
0.0 -1.0 -1.0 0.0 -1.0 0.0 
0.0 0.0 -1.0 2.0 0.0 1.0 
1.0 -1.0 0.0 -1.0 0.0 0.0 
0.0 1.0 0.0 0.0 0.0 0.0 

time = 88
0.0 1.0 -1.0 0.0 0.0 1.0 
1.0 0.0 1.0 0.0 -1.0 0.0 
0.0 -1.0 -1.0 1.0 -1.0 0.0 
0.0 0.0 -1.0 0.0 2.0 0.0 
0.0 -1.0 0.0 -1.0 0.0 0.0 
1.0 0.0 1.0 0.0 0.0 0.0 

time = 89
1.0 0.0 -1.0 0.0 0.0 0.0 
0.0 1.0 0.0 1.0 -1.0 1.0 
0.0 -1.0 -1.0 0.0 -1.0 0.0 
0.0 0.0 -1.0 1.0 0.0 1.0 
0.0 -1.0 0.0 -1.0 1.0 0.0 
0.0 2.0 0.0 0.0 0.0 0.0 

time = 90
0.0 0.0 -1.0 0.0 0.0 0.0 
2.0 0.0 0.0 0.0 -1.0 0.0 
0.0 -1.0 -1.0 3.0 -1.0 1.0 
0.0 0.0 -1.0 0.0 1.0 0.0 
0.0 -1.0 0.0 -1.0 0.0 0.0 
1.0 0.0 1.0 0.0 1.0 0.0 

time = 91
1.0 0.0 -1.0 0.0 0.0 0.0 
0.0 0.0 0.0 1.0 -1.0 0.0 
1.0 -1.0 -1.0 0.0 -1.0 0.0 
0.0 0.0 -1.0 2.0 0.0 1.0 
1.0 -1.0 0.0 -1.0 1.0 0.0 
0.0 0.0 0.0 1.0 0.0 1.0 

time = 92
0.0 1.0 -1.0 0.0 0.0 0.0 
0.0 0.0 1.0 0.0 -1.0 0.0 
0.0 -1.0 -1.0 2.0 -1.0 1.0 
1.0 0.0 -1.0 0.0 1.0 0.0 
0.0 -1.0 0.0 -1.0 0.0 1.0 
1.0 0.0 0.0 0.0 1.0 0.0 

time = 93
1.0 0.0 -1.0 0.0 0.0 0.0 
0.0 0.0 0.0 2.0 -1.0 1.0 
0.0 -1.0 -1.0 0.0 -1.0 0.0 
0.0 1.0 -1.0 2.0 0.0 0.0 
1.0 -1.0 0.0 -1.0 0.0 0.0 
0.0 0.0 0.0 1.0 0.0 1.0 

time = 94
0.0 1.0 -1.0 0.0 0.0 1.0 
0.0 0.0 0.0 0.0 -1.0 0.0 
0.0 -1.0 -1.0 3.0 -1.0 0.0 
2.0 0.0 -1.0 0.0 1.0 0.0 
0.0 -1.0 0.0 -1.0 0.0 0.0 
0.0 0.0 1.0 0.0 1.0 0.0 

time = 95
1.0 0.0 -1.0 0.0 0.0 0.0 
0.0 0.0 0.0 2.0 -1.0 1.0 
0.0 -1.0 -1.0 0.0 -1.0 0.0 
0.0 0.0 -1.0 2.0 0.0 0.0 
2.0 -1.0 0.0 -1.0 0.0 0.0 
0.0 0.0 0.0 2.0 0.0 0.0 

time = 96
0.0 0.0 -1.0 1.0 0.0 0.0 
1.0 0.0 1.0 0.0 -1.0 0.0 
0.0 -1.0 -1.0 1.0 -1.0 1.0 
1.0 0.0 -1.0 0.0 1.0 0.0 
0.0 -1.0 0.0 -1.0 0.0 0.0 
1.0 0.0 2.0 0.0 0.0 0.0 

time = 97
0.0 0.0 -1.0 0.0 0.0 0.0 
0.0 2.0 0.0 2.0 -1.0 1.0 
0.0 -1.0 -1.0 0.0 -1.0 0.0 
0.0 1.0 -1.0 0.0 0.0 0.0 
0.0 -1.0 1.0 -1.0 1.0 0.0 
0.0 1.0 0.0 1.0 0.0 0.0 

time = 98
0.0 1.0 -1.0 1.0 0.0 0.0 
0.0 0.0 2.0 0.0 -1.0 0.0 
0.0 -1.0 -1.0 0.0 -1.0 1.0 
1.0 0.0 -1.0 0.0 0.0 0.0 
0.0 -1.0 0.0 -1.0 0.0 1.0 
1.0 0.0 1.0 0.0 1.0 0.0 

time = 99
0.0 0.0 -1.0 0.0 1.0 0.0 
0.0 1.0 0.0 2.0 -1.0 1.0 
0.0 -1.0 -1.0 0.0 -1.0 0.0 
0.0 1.0 -1.0 0.0 0.0 0.0 
0.0 -1.0 0.0 -1.0 1.0 0.0 
0.0 2.0 0.0 0.0 0.0 1.0 

time = 100
0.0 1.0 -1.0 2.0 0.0 0.0 
0.0 0.0 1.0 0.0 -1.0 0.0 
0.0 -1.0 -1.0 1.0 -1.0 1.0 
1.0 0.0 -1.0 0.0 0.0 0.0 
0.0 -1.0 0.0 -1.0 0.0 0.0 
1.0 0.0 1.0 0.0 2.0 0.0 

time = 101
0.0 0.0 -1.0 0.0 1.0 0.0 
0.0 1.0 0.0 3.0 -1.0 1.0 
0.0 -1.0 -1.0 0.0 -1.0 0.0 
0.0 1.0 -1.0 0.0 0.0 0.0 
0.0 -1.0 1.0 -1.0 1.0 0.0 
0.0 1.0 0.0 1.0 0.0 0.0 

time = 102
0.0 0.0 -1.0 1.0 0.0 1.0 
0.0 0.0 2.0 0.0 -1.0 0.0 
0.0 -1.0 -1.0 1.0 -1.0 1.0 
1.0 0.0 -1.0 0.0 0.0 0.0 
0.0 -1.0 0.0 -1.0 0.0 1.0 
1.0 0.0 1.0 0.0 1.0 0.0 

time = 103
0.0 0.0 -1.0 0.0 0.0 0.0 
0.0 0.0 0.0 3.0 -1.0 2.0 
0.0 -1.0 -1.0 0.0 -1.0 0.0 
0.0 0.0 -1.0 1.0 0.0 0.0 
1.0 -1.0 0.0 -1.0 1.0 0.0 
0.0 1.0 0.0 1.0 0.0 1.0 

time = 104
0.0 0.0 -1.0 1.0 0.0 2.0 
0.0 0.0 2.0 0.0 -1.0 0.0 
0.0 -1.0 -1.0 0.0 -1.0 0.0 
0.0 0.0 -1.0 0.0 1.0 0.0 
0.0 -1.0 0.0 -1.0 0.0 2.0 
2.0 0.0 1.0 0.0 0.0 0.0 

time = 105
0.0 0.0 -1.0 0.0 3.0 0.0 
0.0 1.0 0.0 1.0 -1.0 0.0 
0.0 -1.0 -1.0 0.0 -1.0 0.0 
0.0 0.0 -1.0 0.0 0.0 3.0 
1.0 -1.0 1.0 -1.0 0.0 0.0 
0.0 1.0 0.0 0.0 0.0 0.0 

time = 106
0.0 1.0 -1.0 2.0 0.0 1.0 
0.0 0.0 1.0 0.0 -1.0 0.0 
0.0 -1.0 -1.0 0.0 -1.0 1.0 
1.0 0.0 -1.0 0.0 0.0 0.0 
0.0 -1.0 0.0 -1.0 0.0 2.0 
1.0 0.0 1.0 0.0 0.0 0.0 

time = 107
1.0 0.0 -1.0 0.0 3.0 0.0 
0.0 0.0 0.0 1.0 -1.0 0.0 
0.0 -1.0 -1.0 0.0 -1.0 0.0 
0.0 1.0 -1.0 0.0 0.0 1.0 
1.0 -1.0 0.0 -1.0 2.0 0.0 
0.0 0.0 0.0 1.0 0.0 0.0 

time = 108
0.0 0.0 -1.0 1.0 0.0 2.0 
1.0 0.0 0.0 0.0 -1.0 0.0 
0.0 -1.0 -1.0 1.0 -1.0 1.0 
2.0 0.0 -1.0 0.0 0.0 0.0 
0.0 -1.0 0.0 -1.0 0.0 2.0 
0.0 0.0 1.0 0.0 0.0 0.0 

time = 109
0.0 0.0 -1.0 0.0 2.0 0.0 
0.0 0.0 0.0 1.0 -1.0 2.0 
2.0 -1.0 -1.0 0.0 -1.0 0.0 
0.0 1.0 -1.0 0.0 0.0 0.0 
0.0 -1.0 0.0 -1.0 1.0 0.0 
0.0 1.0 0.0 0.0 0.0 1.0 

time = 110
0.0 0.0 -1.0 0.0 0.0 2.0 
2.0 0.0 1.0 0.0 -1.0 0.0 
0.0 -1.0 -1.0 1.0 -1.0 2.0 
1.0 0.0 -1.0 0.0 0.0 0.0 
0.0 -1.0 0.0 -1.0 0.0 0.0 
0.0 0.0 1.0 0.0 2.0 0.0 

time = 111
2.0 0.0 -1.0 0.0 1.0 0.0 
0.0 1.0 0.0 0.0 -1.0 3.0 
0.0 -1.0 -1.0 0.0 -1.0 0.0 
0.0 0.0 -1.0 1.0 0.0 0.0 
1.0 -1.0 1.0 -1.0 0.0 0.0 
0.0 0.0 0.0 2.0 0.0 0.0 

time = 112
0.0 1.0 -1.0 0.0 0.0 1.0 
2.0 0.0 0.0 0.0 -1.0 0.0 
0.0 -1.0 -1.0 0.0 -1.0 3.0 
1.0 0.0 -1.0 0.0 1.0 0.0 
0.0 -1.0 0.0 -1.0 0.0 0.0 
0.0 0.0 2.0 0.0 1.0 0.0 

time = 113
0.0 0.0 -1.0 0.0 1.0 0.0 
0.0 1.0 0.0 0.0 -1.0 1.0 
2.0 -1.0 -1.0 0.0 -1.0 0.0 
0.0 1.0 -1.0 0.0 0.0 3.0 
0.0 -1.0 1.0 -1.0 0.0 0.0 
0.0 0.0 0.0 1.0 0.0 1.0 

time = 114
0.0 0.0 -1.0 1.0 0.0 0.0 
1.0 0.0 0.0 0.0 -1.0 0.0 
0.0 -1.0 -1.0 0.0 -1.0 2.0 
3.0 0.0 -1.0 0.0 1.0 0.0 
0.0 -1.0 0.0 -1.0 0.0 2.0 
0.0 0.0 2.0 0.0 0.0 0.0 

time = 115
0.0 0.0 -1.0 0.0 0.0 0.0 
0.0 0.0 0.0 1.0 -1.0 1.0 
2.0 -1.0 -1.0 0.0 -1.0 0.0 
0.0 1.0 -1.0 1.0 0.0 1.0 
1.0 -1.0 2.0 -1.0 1.0 0.0 
0.0 0.0 0.0 0.0 0.0 1.0 

time = 116
0.0 0.0 -1.0 1.0 0.0 0.0 
2.0 0.0 0.0 0.0 -1.0 0.0 
0.0 -1.0 -1.0 0.0 -1.0 2.0 
2.0 0.0 -1.0 0.0 2.0 0.0 
0.0 -1.0 0.0 -1.0 0.0 1.0 
0.0 0.0 2.0 0.0 0.0 0.0 

time = 117
0.0 0.0 -1.0 0.0 1.0 0.0 
0.0 2.0 0.0 0.0 -1.0 2.0 
1.0 -1.0 -1.0 0.0 -1.0 0.0 
0.0 1.0 -1.0 1.0 0.0 1.0 
0.0 -1.0 0.0 -1.0 1.0 0.0 
0.0 1.0 0.0 1.0 0.0 0.0 

time = 118
0.0 0.0 -1.0 0.0 0.0 3.0 
2.0 0.0 1.0 0.0 -1.0 0.0 
0.0 -1.0 -1.0 1.0 -1.0 1.0 
1.0 0.0 -1.0 0.0 0.0 0.0 
0.0 -1.0 0.0 -1.0 0.0 1.0 
0.0 0.0 2.0 0.0 0.0 0.0 

time = 119
1.0 0.0 -1.0 0.0 1.0 0.0 
0.0 1.0 0.0 1.0 -1.0 3.0 
1.0 -1.0 -1.0 0.0 -1.0 0.0 
0.0 0.0 -1.0 1.0 0.0 0.0 
0.0 -1.0 2.0 -1.0 0.0 0.0 
0.0 0.0 0.0 0.0 0.0 1.0 

time = 120
0.0 2.0 -1.0 1.0 0.0 2.0 
1.0 0.0 1.0 0.0 -1.0 0.0 
0.0 -1.0 -1.0 2.0 -1.0 1.0 
0.0 0.0 -1.0 0.0 0.0 0.0 
0.0 -1.0 0.0 -1.0 0.0 1.0 
0.0 0.0 2.0 0.0 0.0 0.0 

time = 121
3.0 0.0 -1.0 0.0 1.0 0.0 
0.0 0.0 0.0 3.0 -1.0 2.0 
0.0 -1.0 -1.0 0.0 -1.0 0.0 
0.0 0.0 -1.0 1.0 0.0 0.0 
0.0 -1.0 1.0 -1.0 0.0 0.0 
0.0 0.0 0.0 1.0 0.0 1.0 

time = 122
0.0 1.0 -1.0 2.0 0.0 0.0 
2.0 0.0 1.0 0.0 -1.0 0.0 
0.0 -1.0 -1.0 2.0 -1.0 2.0 
0.0 0.0 -1.0 0.0 0.0 0.0 
0.0 -1.0 0.0 -1.0 0.0 0.0 
0.0 0.0 1.0 0.0 2.0 0.0 

time = 123
1.0 0.0 -1.0 0.0 1.0 0.0 
0.0 1.0 0.0 3.0 -1.0 1.0 
1.0 -1.0 -1.0 0.0 -1.0 0.0 
0.0 0.0 -1.0 1.0 0.0 1.0 
0.0 -1.0 0.0 -1.0 2.0 0.0 
0.0 0.0 0.0 1.0 0.0 0.0 

time = 124
0.0 1.0 -1.0 0.0 0.0 1.0 
2.0 0.0 0.0 0.0 -1.0 0.0 
0.0 -1.0 -1.0 4.0 -1.0 1.0 
0.0 0.0 -1.0 0.0 1.0 0.0 
0.0 -1.0 0.0 -1.0 0.0 2.0 
0.0 0.0 1.0 0.0 0.0 0.0 

time = 125
1.0 0.0 -1.0 0.0 1.0 0.0 
0.0 1.0 0.0 4.0 -1.0 1.0 
1.0 -1.0 -1.0 0.0 -1.0 0.0 
0.0 0.0 -1.0 1.0 0.0 0.0 
0.0 -1.0 0.0 -1.0 2.0 0.0 
0.0 0.0 0.0 1.0 0.0 0.0 

time = 126
0.0 2.0 -1.0 2.0 0.0 2.0 
0.0 0.0 1.0 0.0 -1.0 0.0 
0.0 -1.0 -1.0 1.0 -1.0 0.0 
1.0 0.0 -1.0 0.0 1.0 0.0 
0.0 -1.0 0.0 -1.0 0.0 1.0 
0.0 0.0 0.0 0.0 2.0 0.0 

time = 127
1.0 0.0 -1.0 0.0 3.0 0.0 
0.0 2.0 0.0 2.0 -1.0 0.0 
1.0 -1.0 -1.0 0.0 -1.0 0.0 
0.0 0.0 -1.0 0.0 0.0 0.0 
0.0 -1.0 0.0 -1.0 3.0 0.0 
0.0 0.0 0.0 0.0 0.0 1.0 

time = 128
0.0 0.0 -1.0 0.0 0.0 3.0 
3.0 0.0 0.0 0.0 -1.0 0.0 
0.0 -1.0 -1.0 2.0 -1.0 0.0 
1.0 0.0 -1.0 0.0 1.0 0.0 
0.0 -1.0 0.0 -1.0 0.0 2.0 
0.0 0.0 0.0 0.0 1.0 0.0 

time = 129
1.0 0.0 -1.0 0.0 1.0 0.0 
0.0 2.0 0.0 1.0 -1.0 2.0 
1.0 -1.0 -1.0 0.0 -1.0 0.0 
0.0 0.0 -1.0 1.0 0.0 1.0 
0.0 -1.0 0.0 -1.0 2.0 0.0 
0.0 0.0 0.0 0.0 0.0 1.0 

time = 130
0.0 0.0 -1.0 2.0 0.0 1.0 
3.0 0.0 1.0 0.0 -1.0 0.0 
0.0 -1.0 -1.0 2.0 -1.0 1.0 
0.0 0.0 -1.0 0.0 1.0 0.0 
0.0 -1.0 0.0 -1.0 0.0 2.0 
0.0 0.0 0.0 0.0 1.0 0.0 

time = 131
2.0 0.0 -1.0 0.0 1.0 0.0 
0.0 1.0 0.0 3.0 -1.0 1.0 
1.0 -1.0 -1.0 0.0 -1.0 0.0 
0.0 0.0 -1.0 0.0 0.0 3.0 
0.0 -1.0 0.0 -1.0 0.0 0.0 
0.0 0.0 0.0 0.0 0.0 2.0 

time = 132
0.0 2.0 -1.0 2.0 0.0 0.0 
2.0 0.0 2.0 0.0 -1.0 0.0 
0.0 -1.0 -1.0 0.0 -1.0 3.0 
0.0 0.0 -1.0 0.0 0.0 0.0 
0.0 -1.0 0.0 -1.0 0.0 1.0 
0.0 0.0 0.0 0.0 2.0 0.0 

time = 133
1.0 0.0 -1.0 0.0 1.0 0.0 
0.0 3.0 0.0 2.0 -1.0 0.0 
1.0 -1.0 -1.0 0.0 -1.0 0.0 
0.0 0.0 -1.0 0.0 0.0 3.0 
0.0 -1.0 0.0 -1.0 2.0 0.0 
0.0 0.0 0.0 0.0 0.0 1.0 

time = 134
0.0 2.0 -1.0 2.0 0.0 0.0 
3.0 0.0 1.0 0.0 -1.0 0.0 
0.0 -1.0 -1.0 0.0 -1.0 1.0 
0.0 0.0 -1.0 0.0 2.0 0.0 
0.0 -1.0 0.0 -1.0 0.0 0.0 
0.0 0.0 0.0 0.0 3.0 0.0 

time = 135
2.0 0.0 -1.0 0.0 2.0 0.0 
0.0 1.0 0.0 0.0 -1.0 1.0 
3.0 -1.0 -1.0 0.0 -1.0 0.0 
0.0 0.0 -1.0 1.0 0.0 1.0 
0.0 -1.0 0.0 -1.0 0.0 0.0 
0.0 0.0 0.0 0.0 0.0 3.0 

time = 136
0.0 0.0 -1.0 0.0 0.0 3.0 
5.0 0.0 1.0 0.0 -1.0 0.0 
0.0 -1.0 -1.0 1.0 -1.0 0.0 
0.0 0.0 -1.0 0.0 0.0 0.0 
0.0 -1.0 0.0 -1.0 0.0 2.0 
0.0 0.0 0.0 0.0 2.0 0.0 

time = 137
3.0 0.0 -1.0 0.0 1.0 0.0 
0.0 2.0 0.0 0.0 -1.0 2.0 
1.0 -1.0 -1.0 0.0 -1.0 0.0 
0.0 0.0 -1.0 1.0 0.0 0.0 
0.0 -1.0 0.0 -1.0 1.0 0.0 
0.0 0.0 0.0 1.0 0.0 2.0 

time = 138
0.0 1.0 -1.0 0.0 0.0 1.0 
3.0 0.0 2.0 0.0 -1.0 0.0 
0.0 -1.0 -1.0 0.0 -1.0 2.0 
0.0 0.0 -1.0 0.0 2.0 0.0 
0.0 -1.0 0.0 -1.0 0.0 2.0 
0.0 0.0 1.0 0.0 0.0 0.0 

time = 139
2.0 0.0 -1.0 0.0 1.0 0.0 
0.0 2.0 0.0 0.0 -1.0 1.0 
2.0 -1.0 -1.0 0.0 -1.0 0.0 
0.0 0.0 -1.0 1.0 0.0 2.0 
0.0 -1.0 0.0 -1.0 1.0 0.0 
0.0 0.0 0.0 1.0 0.0 1.0 

time = 140
0.0 0.0 -1.0 1.0 0.0 0.0 
5.0 0.0 1.0 0.0 -1.0 0.0 
0.0 -1.0 -1.0 2.0 -1.0 3.0 
0.0 0.0 -1.0 0.0 0.0 0.0 
0.0 -1.0 0.0 -1.0 0.0 1.0 
0.0 0.0 1.0 0.0 1.0 0.0 

time = 141
3.0 0.0 -1.0 0.0 1.0 0.0 
0.0 1.0 0.0 2.0 -1.0 1.0 
1.0 -1.0 -1.0 0.0 -1.0 0.0 
0.0 0.0 -1.0 1.0 0.0 3.0 
0.0 -1.0 1.0 -1.0 1.0 0.0 
0.0 0.0 0.0 0.0 0.0 0.0 

time = 142
0.0 0.0 -1.0 0.0 0.0 2.0 
4.0 0.0 2.0 0.0 -1.0 0.0 
0.0 -1.0 -1.0 1.0 -1.0 1.0 
0.0 0.0 -1.0 0.0 3.0 0.0 
0.0 -1.0 0.0 -1.0 0.0 1.0 
0.0 0.0 1.0 0.0 0.0 0.0 

time = 143
2.0 0.0 -1.0 0.0 2.0 0.0 
0.0 0.0 0.0 3.0 -1.0 0.0 
2.0 -1.0 -1.0 0.0 -1.0 0.0 
0.0 0.0 -1.0 0.0 0.0 4.0 
0.0 -1.0 0.0 -1.0 0.0 0.0 
0.0 1.0 0.0 0.0 0.0 1.0 

time = 144
0.0 1.0 -1.0 3.0 0.0 0.0 
3.0 0.0 2.0 0.0 -1.0 0.0 
0.0 -1.0 -1.0 0.0 -1.0 0.0 
0.0 0.0 -1.0 0.0 3.0 0.0 
0.0 -1.0 0.0 -1.0 0.0 2.0 
0.0 0.0 1.0 0.0 0.0 0.0 

time = 145
3.0 0.0 -1.0 0.0 1.0 0.0 
0.0 1.0 0.0 4.0 -1.0 0.0 
0.0 -1.0 -1.0 0.0 -1.0 0.0 
0.0 0.0 -1.0 1.0 0.0 2.0 
0.0 -1.0 0.0 -1.0 2.0 0.0 
0.0 0.0 0.0 1.0 0.0 0.0 

time = 146
0.0 3.0 -1.0 2.0 0.0 0.0 
1.0 0.0 1.0 0.0 -1.0 0.0 
0.0 -1.0 -1.0 2.0 -1.0 0.0 
0.0 0.0 -1.0 0.0 1.0 0.0 
0.0 -1.0 0.0 -1.0 0.0 4.0 
0.0 0.0 1.0 0.0 0.0 0.0 

time = 147
1.0 0.0 -1.0 0.0 1.0 0.0 
0.0 3.0 0.0 3.0 -1.0 0.0 
0.0 -1.0 -1.0 0.0 -1.0 0.0 
0.0 0.0 -1.0 1.0 0.0 3.0 
0.0 -1.0 1.0 -1.0 1.0 0.0 
0.0 0.0 0.0 0.0 0.0 1.0 

time = 148
0.0 1.0 -1.0 1.0 0.0 0.0 
1.0 0.0 2.0 0.0 -1.0 0.0 
0.0 -1.0 -1.0 4.0 -1.0 1.0 
0.0 0.0 -1.0 0.0 2.0 0.0 
0.0 -1.0 0.0 -1.0 0.0 2.0 
0.0 0.0 1.0 0.0 0.0 0.0 

time = 149
1.0 0.0 -1.0 0.0 0.0 0.0 
0.0 2.0 0.0 3.0 -1.0 0.0 
0.0 -1.0 -1.0 0.0 -1.0 0.0 
0.0 0.0 -1.0 4.0 0.0 1.0 
0.0 -1.0 1.0 -1.0 2.0 0.0 
0.0 0.0 0.0 0.0 0.0 1.0 

time = 150
0.0 0.0 -1.0 0.0 0.0 0.0 
2.0 0.0 2.0 0.0 -1.0 0.0 
0.0 -1.0 -1.0 5.0 -1.0 0.0 
0.0 0.0 -1.0 0.0 2.0 0.0 
0.0 -1.0 0.0 -1.0 0.0 3.0 
0.0 0.0 1.0 0.0 1.0 0.0 

time = 151
2.0 0.0 -1.0 0.0 0.0 0.0 
0.0 1.0 0.0 4.0 -1.0 0.0 
0.0 -1.0 -1.0 0.0 -1.0 0.0 
0.0 0.0 -1.0 2.0 0.0 1.0 
0.0 -1.0 0.0 -1.0 2.0 0.0 
0.0 1.0 0.0 0.0 0.0 3.0 

time = 152
0.0 0.0 -1.0 1.0 0.0 0.0 
2.0 0.0 2.0 0.0 -1.0 0.0 
0.0 -1.0 -1.0 4.0 -1.0 0.0 
0.0 0.0 -1.0 0.0 2.0 0.0 
0.0 -1.0 0.0 -1.0 0.0 2.0 
1.0 0.0 0.0 0.0 2.0 0.0 

time = 153
1.0 0.0 -1.0 0.0 1.0 0.0 
0.0 2.0 0.0 4.0 -1.0 0.0 
0.0 -1.0 -1.0 0.0 -1.0 0.0 
0.0 0.0 -1.0 2.0 0.0 1.0 
0.0 -1.0 0.0 -1.0 3.0 0.0 
0.0 1.0 0.0 0.0 0.0 1.0 

time = 154
0.0 1.0 -1.0 2.0 0.0 0.0 
1.0 0.0 3.0 0.0 -1.0 0.0 
0.0 -1.0 -1.0 3.0 -1.0 0.0 
0.0 0.0 -1.0 0.0 1.0 0.0 
0.0 -1.0 0.0 -1.0 0.0 1.0 
1.0 0.0 0.0 0.0 3.0 0.0 

time = 155
1.0 0.0 -1.0 0.0 0.0 0.0 
0.0 2.0 0.0 5.0 -1.0 0.0 
1.0 -1.0 -1.0 0.0 -1.0 0.0 
0.0 0.0 -1.0 2.0 0.0 0.0 
0.0 -1.0 0.0 -1.0 1.0 0.0 
0.0 1.0 0.0 1.0 0.0 2.0 

time = 156
0.0 2.0 -1.0 1.0 0.0 0.0 
1.0 0.0 3.0 0.0 -1.0 0.0 
0.0 -1.0 -1.0 4.0 -1.0 0.0 
0.0 0.0 -1.0 0.0 1.0 0.0 
0.0 -1.0 0.0 -1.0 0.0 1.0 
1.0 0.0 1.0 0.0 1.0 0.0 

time = 157
1.0 0.0 -1.0 0.0 1.0 0.0 
0.0 3.0 0.0 3.0 -1.0 0.0 
1.0 -1.0 -1.0 0.0 -1.0 0.0 
0.0 0.0 -1.0 2.0 0.0 0.0 
0.0 -1.0 1.0 -1.0 1.0 0.0 
0.0 1.0 0.0 0.0 0.0 2.0 

time = 158
0.0 3.0 -1.0 1.0 0.0 1.0 
2.0 0.0 1.0 0.0 -1.0 0.0 
0.0 -1.0 -1.0 2.0 -1.0 0.0 
0.0 0.0 -1.0 0.0 1.0 0.0 
0.0 -1.0 0.0 -1.0 0.0 0.0 
0.0 0.0 2.0 0.0 3.0 0.0 

time = 159
1.0 0.0 -1.0 0.0 2.0 0.0 
0.0 3.0 0.0 2.0 -1.0 0.0 
1.0 -1.0 -1.0 0.0 -1.0 0.0 
0.0 0.0 -1.0 1.0 0.0 0.0 
0.0 -1.0 0.0 -1.0 1.0 0.0 
0.0 0.0 0.0 4.0 0.0 1.0 

time = 160
0.0 1.0 -1.0 2.0 0.0 1.0 
1.0 0.0 3.0 0.0 -1.0 0.0 
0.0 -1.0 -1.0 2.0 -1.0 0.0 
1.0 0.0 -1.0 0.0 0.0 0.0 
0.0 -1.0 0.0 -1.0 0.0 0.0 
0.0 0.0 1.0 0.0 5.0 0.0 

time = 161
1.0 0.0 -1.0 0.0 1.0 0.0 
0.0 2.0 0.0 4.0 -1.0 1.0 
0.0 -1.0 -1.0 0.0 -1.0 0.0 
0.0 1.0 -1.0 1.0 0.0 0.0 
0.0 -1.0 1.0 -1.0 5.0 0.0 
0.0 0.0 0.0 0.0 0.0 0.0 

time = 162
0.0 2.0 -1.0 1.0 0.0 1.0 
1.0 0.0 0.0 0.0 -1.0 0.0 
0.0 -1.0 -1.0 3.0 -1.0 1.0 
1.0 0.0 -1.0 0.0 3.0 0.0 
0.0 -1.0 0.0 -1.0 0.0 1.0 
0.0 0.0 1.0 0.0 2.0 0.0 

time = 163
1.0 0.0 -1.0 0.0 1.0 0.0 
0.0 1.0 0.0 0.0 -1.0 2.0 
1.0 -1.0 -1.0 0.0 -1.0 0.0 
0.0 0.0 -1.0 3.0 0.0 3.0 
1.0 -1.0 0.0 -1.0 2.0 0.0 
0.0 0.0 0.0 1.0 0.0 1.0 

time = 164
0.0 1.0 -1.0 1.0 0.0 0.0 
1.0 0.0 1.0 0.0 -1.0 0.0 
0.0 -1.0 -1.0 3.0 -1.0 2.0 
1.0 0.0 -1.0 0.0 0.0 0.0 
0.0 -1.0 0.0 -1.0 0.0 6.0 
0.0 0.0 0.0 0.0 1.0 0.0 

time = 165
0.0 0.0 -1.0 0.0 0.0 0.0 
0.0 3.0 0.0 3.0 -1.0 2.0 
0.0 -1.0 -1.0 0.0 -1.0 0.0 
0.0 1.0 -1.0 1.0 0.0 4.0 
0.0 -1.0 0.0 -1.0 1.0 0.0 
0.0 0.0 0.0 1.0 0.0 1.0 

time = 166
0.0 1.0 -1.0 3.0 0.0 0.0 
0.0 0.0 2.0 0.0 -1.0 0.0 
0.0 -1.0 -1.0 1.0 -1.0 4.0 
1.0 0.0 -1.0 0.0 1.0 0.0 
0.0 -1.0 0.0 -1.0 0.0 3.0 
0.0 0.0 0.0 0.0 1.0 0.0 

time = 167
1.0 0.0 -1.0 0.0 1.0 0.0 
0.0 1.0 0.0 3.0 -1.0 3.0 
0.0 -1.0 -1.0 0.0 -1.0 0.0 
0.0 0.0 -1.0 1.0 0.0 3.0 
1.0 -1.0 0.0 -1.0 1.0 0.0 
0.0 0.0 0.0 1.0 0.0 1.0 

time = 168
0.0 1.0 -1.0 1.0 0.0 2.0 
1.0 0.0 0.0 0.0 -1.0 0.0 
0.0 -1.0 -1.0 4.0 -1.0 1.0 
0.0 0.0 -1.0 0.0 1.0 0.0 
0.0 -1.0 0.0 -1.0 0.0 4.0 
1.0 0.0 1.0 0.0 0.0 0.0 

time = 169
1.0 0.0 -1.0 0.0 1.0 0.0 
0.0 1.0 0.0 3.0 -1.0 1.0 
0.0 -1.0 -1.0 0.0 -1.0 0.0 
0.0 0.0 -1.0 3.0 0.0 5.0 
0.0 -1.0 1.0 -1.0 0.0 0.0 
0.0 1.0 0.0 0.0 0.0 0.0 

time = 170
0.0 2.0 -1.0 1.0 0.0 2.0 
0.0 0.0 1.0 0.0 -1.0 0.0 
0.0 -1.0 -1.0 3.0 -1.0 0.0 
0.0 0.0 -1.0 0.0 7.0 0.0 
0.0 -1.0 0.0 -1.0 0.0 0.0 
0.0 0.0 2.0 0.0 0.0 0.0 

time = 171
1.0 0.0 -1.0 0.0 0.0 0.0 
0.0 2.0 0.0 2.0 -1.0 2.0 
0.0 -1.0 -1.0 0.0 -1.0 0.0 
0.0 0.0 -1.0 2.0 0.0 3.0 
0.0 -1.0 1.0 -1.0 4.0 0.0 
0.0 0.0 0.0 1.0 0.0 0.0 

time = 172
0.0 2.0 -1.0 0.0 0.0 1.0 
1.0 0.0 0.0 0.0 -1.0 0.0 
0.0 -1.0 -1.0 3.0 -1.0 2.0 
0.0 0.0 -1.0 0.0 5.0 0.0 
0.0 -1.0 0.0 -1.0 0.0 2.0 
0.0 0.0 1.0 0.0 1.0 0.0 

time = 173
2.0 0.0 -1.0 0.0 0.0 0.0 
0.0 1.0 0.0 2.0 -1.0 1.0 
0.0 -1.0 -1.0 0.0 -1.0 0.0 
0.0 0.0 -1.0 2.0 0.0 6.0 
0.0 -1.0 0.0 -1.0 1.0 0.0 
0.0 0.0 0.0 1.0 0.0 2.0 

time = 174
0.0 0.0 -1.0 1.0 0.0 0.0 
3.0 0.0 1.0 0.0 -1.0 0.0 
0.0 -1.0 -1.0 1.0 -1.0 5.0 
0.0 0.0 -1.0 0.0 3.0 0.0 
0.0 -1.0 0.0 -1.0 0.0 2.0 
0.0 0.0 0.0 0.0 2.0 0.0 

time = 175
1.0 0.0 -1.0 0.0 0.0 0.0 
0.0 2.0 0.0 1.0 -1.0 3.0 
1.0 -1.0 -1.0 0.0 -1.0 0.0 
0.0 0.0 -1.0 3.0 0.0 3.0 
0.0 -1.0 0.0 -1.0 3.0 0.0 
0.0 0.0 0.0 0.0 0.0 1.0 

time = 176
0.0 2.0 -1.0 1.0 0.0 2.0 
2.0 0.0 0.0 0.0 -1.0 0.0 
0.0 -1.0 -1.0 2.0 -1.0 1.0 
0.0 0.0 -1.0 0.0 3.0 0.0 
0.0 -1.0 0.0 -1.0 0.0 4.0 
0.0 0.0 0.0 0.0 1.0 0.0 

time = 177
1.0 0.0 -1.0 0.0 1.0 0.0 
0.0 1.0 0.0 1.0 -1.0 2.0 
2.0 -1.0 -1.0 0.0 -1.0 0.0 
0.0 0.0 -1.0 1.0 0.0 5.0 
0.0 -1.0 0.0 -1.0 3.0 0.0 
0.0 0.0 0.0 0.0 0.0 1.0 

time = 178
0.0 0.0 -1.0 1.0 0.0 2.0 
3.0 0.0 0.0 0.0 -1.0 0.0 
0.0 -1.0 -1.0 0.0 -1.0 3.0 
1.0 0.0 -1.0 0.0 3.0 0.0 
0.0 -1.0 0.0 -1.0 0.0 2.0 
0.0 0.0 0.0 0.0 3.0 0.0 

time = 179
1.0 0.0 -1.0 0.0 3.0 0.0 
0.0 1.0 0.0 0.0 -1.0 0.0 
2.0 -1.0 -1.0 0.0 -1.0 0.0 
0.0 0.0 -1.0 0.0 0.0 5.0 
0.0 -1.0 0.0 -1.0 5.0 0.0 
0.0 0.0 0.0 1.0 0.0 0.0 

time = 180
0.0 0.0 -1.0 2.0 0.0 1.0 
2.0 0.0 0.0 0.0 -1.0 0.0 
0.0 -1.0 -1.0 1.0 -1.0 3.0 
2.0 0.0 -1.0 0.0 2.0 0.0 
0.0 -1.0 0.0 -1.0 0.0 4.0 
0.0 0.0 0.0 0.0 2.0 0.0 

time = 181
1.0 0.0 -1.0 0.0 2.0 0.0 
0.0 1.0 0.0 0.0 -1.0 4.0 
0.0 -1.0 -1.0 0.0 -1.0 0.0 
0.0 1.0 -1.0 1.0 0.0 3.0 
1.0 -1.0 0.0 -1.0 3.0 0.0 
0.0 0.0 0.0 2.0 0.0 0.0 

time = 182
0.0 2.0 -1.0 2.0 0.0 4.0 
0.0 0.0 0.0 0.0 -1.0 0.0 
0.0 -1.0 -1.0 1.0 -1.0 1.0 
2.0 0.0 -1.0 0.0 4.0 0.0 
0.0 -1.0 0.0 -1.0 0.0 1.0 
0.0 0.0 1.0 0.0 1.0 0.0 

time = 183
1.0 0.0 -1.0 0.0 2.0 0.0 
0.0 1.0 0.0 1.0 -1.0 3.0 
1.0 -1.0 -1.0 0.0 -1.0 0.0 
0.0 0.0 -1.0 3.0 0.0 3.0 
1.0 -1.0 0.0 -1.0 1.0 0.0 
0.0 0.0 0.0 1.0 0.0 1.0 

time = 184
0.0 1.0 -1.0 1.0 0.0 3.0 
1.0 0.0 1.0 0.0 -1.0 0.0 
0.0 -1.0 -1.0 3.0 -1.0 1.0 
1.0 0.0 -1.0 0.0 4.0 0.0 
0.0 -1.0 0.0 -1.0 0.0 1.0 
0.0 0.0 1.0 0.0 1.0 0.0 

time = 185
1.0 0.0 -1.0 0.0 2.0 0.0 
0.0 0.0 0.0 2.0 -1.0 3.0 
2.0 -1.0 -1.0 0.0 -1.0 0.0 
0.0 0.0 -1.0 2.0 0.0 3.0 
0.0 -1.0 0.0 -1.0 2.0 0.0 
0.0 1.0 0.0 0.0 0.0 1.0 

time = 186
0.0 0.0 -1.0 2.0 0.0 4.0 
3.0 0.0 0.0 0.0 -1.0 0.0 
0.0 -1.0 -1.0 3.0 -1.0 2.0 
0.0 0.0 -1.0 0.0 1.0 0.0 
0.0 -1.0 0.0 -1.0 0.0 0.0 
1.0 0.0 0.0 0.0 3.0 0.0 

time = 187
2.0 0.0 -1.0 0.0 2.0 0.0 
0.0 0.0 0.0 4.0 -1.0 3.0 
1.0 -1.0 -1.0 0.0 -1.0 0.0 
0.0 0.0 -1.0 1.0 0.0 1.0 
1.0 -1.0 0.0 -1.0 3.0 0.0 
0.0 0.0 0.0 1.0 0.0 0.0 

time = 188
0.0 2.0 -1.0 5.0 0.0 1.0 
0.0 0.0 1.0 0.0 -1.0 0.0 
0.0 -1.0 -1.0 1.0 -1.0 3.0 
2.0 0.0 -1.0 0.0 2.0 0.0 
0.0 -1.0 0.0 -1.0 0.0 1.0 
0.0 0.0 1.0 0.0 0.0 0.0 

time = 189
1.0 0.0 -1.0 0.0 3.0 0.0 
0.0 1.0 0.0 4.0 -1.0 4.0 
0.0 -1.0 -1.0 0.0 -1.0 0.0 
0.0 1.0 -1.0 0.0 0.0 0.0 
1.0 -1.0 0.0 -1.0 2.0 0.0 
0.0 0.0 0.0 1.0 0.0 1.0 

time = 190
0.0 0.0 -1.0 2.0 0.0 2.0 
1.0 0.0 3.0 0.0 -1.0 0.0 
0.0 -1.0 -1.0 3.0 -1.0 3.0 
2.0 0.0 -1.0 0.0 0.0 0.0 
0.0 -1.0 0.0 -1.0 0.0 1.0 
0.0 0.0 1.0 0.0 2.0 0.0 

time = 191
0.0 0.0 -1.0 0.0 2.0 0.0 
0.0 1.0 0.0 6.0 -1.0 1.0 
1.0 -1.0 -1.0 0.0 -1.0 0.0 
0.0 1.0 -1.0 1.0 0.0 2.0 
1.0 -1.0 1.0 -1.0 3.0 0.0 
0.0 0.0 0.0 0.0 0.0 0.0 

time = 192
0.0 0.0 -1.0 1.0 0.0 3.0 
0.0 0.0 3.0 0.0 -1.0 0.0 
0.0 -1.0 -1.0 3.0 -1.0 0.0 
2.0 0.0 -1.0 0.0 2.0 0.0 
0.0 -1.0 0.0 -1.0 0.0 3.0 
1.0 0.0 1.0 0.0 1.0 0.0 

time = 193
0.0 0.0 -1.0 0.0 0.0 0.0 
0.0 1.0 0.0 3.0 -1.0 3.0 
1.0 -1.0 -1.0 0.0 -1.0 0.0 
0.0 0.0 -1.0 4.0 0.0 3.0 
2.0 -1.0 1.0 -1.0 1.0 0.0 
0.0 0.0 0.0 0.0 0.0 1.0 

time = 194
0.0 0.0 -1.0 1.0 0.0 2.0 
1.0 0.0 3.0 0.0 -1.0 0.0 
0.0 -1.0 -1.0 2.0 -1.0 3.0 
1.0 0.0 -1.0 0.0 2.0 0.0 
0.0 -1.0 0.0 -1.0 0.0 2.0 
1.0 0.0 1.0 0.0 1.0 0.0 

time = 195
1.0 0.0 -1.0 0.0 1.0 0.0 
0.0 3.0 0.0 0.0 -1.0 4.0 
0.0 -1.0 -1.0 0.0 -1.0 0.0 
0.0 1.0 -1.0 2.0 0.0 3.0 
1.0 -1.0 0.0 -1.0 2.0 0.0 
0.0 0.0 0.0 2.0 0.0 0.0 

time = 196
0.0 0.0 -1.0 0.0 0.0 3.0 
2.0 0.0 2.0 0.0 -1.0 0.0 
0.0 -1.0 -1.0 2.0 -1.0 2.0 
2.0 0.0 -1.0 0.0 4.0 0.0 
0.0 -1.0 0.0 -1.0 0.0 0.0 
0.0 0.0 0.0 0.0 3.0 0.0 

time = 197
1.0 0.0 -1.0 0.0 0.0 0.0 
0.0 1.0 0.0 1.0 -1.0 4.0 
1.0 -1.0 -1.0 0.0 -1.0 0.0 
0.0 1.0 -1.0 5.0 0.0 2.0 
1.0 -1.0 0.0 -1.0 2.0 0.0 
0.0 0.0 0.0 0.0 0.0 1.0 

time = 198
0.0 0.0 -1.0 0.0 0.0 1.0 
3.0 0.0 0.0 0.0 -1.0 0.0 
0.0 -1.0 -1.0 3.0 -1.0 4.0 
1.0 0.0 -1.0 0.0 4.0 0.0 
0.0 -1.0 0.0 -1.0 0.0 3.0 
1.0 0.0 0.0 0.0 0.0 0.0 

time = 199
0.0 0.0 -1.0 0.0 0.0 0.0 
0.0 2.0 0.0 3.0 -1.0 3.0 
2.0 -1.0 -1.0 0.0 -1.0 0.0 
0.0 0.0 -1.0 1.0 0.0 4.0 
0.0 -1.0 0.0 -1.0 2.0 0.0 
0.0 1.0 0.0 0.0 0.0 2.0 

time = 200
0.0 0.0 -1.0 0.0 0.0 2.0 
2.0 0.0 2.0 0.0 -1.0 0.0 
0.0 -1.0 -1.0 4.0 -1.0 3.0 
1.0 0.0 -1.0 0.0 2.0 0.0 
0.0 -1.0 0.0 -1.0 0.0 1.0 
1.0 0.0 0.0 0.0 3.0 0.0 

time = 201
0.0 0.0 -1.0 0.0 2.0 0.0 
0.0 3.0 0.0 2.0 -1.0 2.0 
1.0 -1.0 -1.0 0.0 -1.0 0.0 
0.0 1.0 -1.0 3.0 0.0 2.0 
0.0 -1.0 0.0 -1.0 1.0 0.0 
0.0 1.0 0.0 2.0 0.0 1.0 

time = 202
0.0 2.0 -1.0 1.0 0.0 2.0 
1.0 0.0 2.0 0.0 -1.0 0.0 
0.0 -1.0 -1.0 3.0 -1.0 2.0 
1.0 0.0 -1.0 0.0 2.0 0.0 
0.0 -1.0 0.0 -1.0 0.0 1.0 
0.0 0.0 2.0 0.0 2.0 0.0 

time = 203
2.0 0.0 -1.0 0.0 1.0 0.0 
0.0 2.0 0.0 4.0 -1.0 3.0 
1.0 -1.0 -1.0 0.0 -1.0 0.0 
0.0 0.0 -1.0 3.0 0.0 0.0 
0.0 -1.0 0.0 -1.0 2.0 0.0 
0.0 1.0 0.0 2.0 0.0 0.0 

time = 204
0.0 4.0 -1.0 4.0 0.0 2.0 
1.0 0.0 1.0 0.0 -1.0 0.0 
0.0 -1.0 -1.0 0.0 -1.0 1.0 
0.0 0.0 -1.0 0.0 4.0 0.0 
0.0 -1.0 0.0 -1.0 0.0 1.0 
0.0 0.0 3.0 0.0 0.0 0.0 

time = 205
4.0 0.0 -1.0 0.0 4.0 0.0 
0.0 1.0 0.0 1.0 -1.0 2.0 
1.0 -1.0 -1.0 0.0 -1.0 0.0 
0.0 0.0 -1.0 0.0 0.0 3.0 
0.0 -1.0 1.0 -1.0 1.0 0.0 
0.0 0.0 0.0 2.0 0.0 1.0 

time = 206
0.0 3.0 -1.0 4.0 0.0 2.0 
2.0 0.0 0.0 0.0 -1.0 0.0 
0.0 -1.0 -1.0 0.0 -1.0 2.0 
1.0 0.0 -1.0 0.0 1.0 0.0 
0.0 -1.0 0.0 -1.0 0.0 2.0 
0.0 0.0 1.0 0.0 3.0 0.0 

time = 207
2.0 0.0 -1.0 0.0 4.0 0.0 
0.0 2.0 0.0 2.0 -1.0 0.0 
1.0 -1.0 -1.0 0.0 -1.0 0.0 
0.0 1.0 -1.0 0.0 0.0 2.0 
0.0 -1.0 1.0 -1.0 3.0 0.0 
0.0 0.0 0.0 2.0 0.0 1.0 

time = 208
0.0 0.0 -1.0 3.0 0.0 1.0 
4.0 0.0 1.0 0.0 -1.0 0.0 
0.0 -1.0 -1.0 1.0 -1.0 1.0 
2.0 0.0 -1.0 0.0 2.0 0.0 
0.0 -1.0 0.0 -1.0 0.0 2.0 
0.0 0.0 3.0 0.0 1.0 0.0 

time = 209
2.0 0.0 -1.0 0.0 1.0 0.0 
0.0 1.0 0.0 4.0 -1.0 1.0 
1.0 -1.0 -1.0 0.0 -1.0 0.0 
0.0 1.0 -1.0 1.0 0.0 2.0 
1.0 -1.0 1.0 -1.0 2.0 0.0 
0.0 0.0 0.0 2.0 0.0 1.0 

time = 210
0.0 1.0 -1.0 2.0 0.0 0.0 
2.0 0.0 1.0 0.0 -1.0 0.0 
0.0 -1.0 -1.0 4.0 -1.0 2.0 
3.0 0.0 -1.0 0.0 0.0 0.0 
0.0 -1.0 0.0 -1.0 0.0 3.0 
0.0 0.0 2.0 0.0 2.0 0.0 

time = 211
1.0 0.0 -1.0 0.0 1.0 0.0 
0.0 3.0 0.0 2.0 -1.0 2.0 
1.0 -1.0 -1.0 0.0 -1.0 0.0 
0.0 1.0 -1.0 3.0 0.0 2.0 
1.0 -1.0 0.0 -1.0 1.0 0.0 
0.0 2.0 0.0 1.0 0.0 1.0 

time = 212
0.0 3.0 -1.0 1.0 0.0 3.0 
2.0 0.0 0.0 0.0 -1.0 0.0 
0.0 -1.0 -1.0 1.0 -1.0 0.0 
2.0 0.0 -1.0 0.0 4.0 0.0 
0.0 -1.0 0.0 -1.0 0.0 2.0 
1.0 0.0 1.0 0.0 2.0 0.0 

time = 213
4.0 0.0 -1.0 0.0 3.0 0.0 
0.0 1.0 0.0 1.0 -1.0 1.0 
0.0 -1.0 -1.0 0.0 -1.0 0.0 
0.0 2.0 -1.0 1.0 0.0 2.0 
1.0 -1.0 0.0 -1.0 2.0 0.0 
0.0 1.0 0.0 1.0 0.0 2.0 

time = 214
0.0 3.0 -1.0 2.0 0.0 2.0 
2.0 0.0 0.0 0.0 -1.0 0.0 
0.0 -1.0 -1.0 2.0 -1.0 0.0 
3.0 0.0 -1.0 0.0 2.0 0.0 
0.0 -1.0 0.0 -1.0 0.0 2.0 
0.0 0.0 2.0 0.0 2.0 0.0 

time = 215
2.0 0.0 -1.0 0.0 2.0 0.0 
0.0 3.0 0.0 4.0 -1.0 0.0 
3.0 -1.0 -1.0 0.0 -1.0 0.0 
0.0 0.0 -1.0 0.0 0.0 2.0 
0.0 -1.0 0.0 -1.0 2.0 0.0 
0.0 2.0 0.0 0.0 0.0 2.0 

time = 216
0.0 1.0 -1.0 2.0 0.0 2.0 
6.0 0.0 0.0 0.0 -1.0 0.0 
0.0 -1.0 -1.0 2.0 -1.0 2.0 
1.0 0.0 -1.0 0.0 1.0 0.0 
0.0 -1.0 0.0 -1.0 0.0 2.0 
0.0 0.0 2.0 0.0 1.0 0.0 

time = 217
2.0 0.0 -1.0 0.0 3.0 0.0 
0.0 2.0 0.0 2.0 -1.0 1.0 
4.0 -1.0 -1.0 0.0 -1.0 0.0 
0.0 0.0 -1.0 1.0 0.0 3.0 
0.0 -1.0 2.0 -1.0 1.0 0.0 
0.0 0.0 0.0 0.0 0.0 1.0 

time = 218
0.0 2.0 -1.0 3.0 0.0 2.0 
2.0 0.0 3.0 0.0 -1.0 0.0 
0.0 -1.0 -1.0 1.0 -1.0 1.0 
2.0 0.0 -1.0 0.0 2.0 0.0 
0.0 -1.0 0.0 -1.0 0.0 1.0 
0.0 0.0 2.0 0.0 1.0 0.0 

time = 219
1.0 0.0 -1.0 0.0 4.0 0.0 
0.0 4.0 0.0 2.0 -1.0 1.0 
1.0 -1.0 -1.0 0.0 -1.0 0.0 
0.0 1.0 -1.0 1.0 0.0 2.0 
1.0 -1.0 1.0 -1.0 1.0 0.0 
0.0 1.0 0.0 1.0 0.0 0.0 

time = 220
0.0 2.0 -1.0 2.0 0.0 3.0 
3.0 0.0 1.0 0.0 -1.0 0.0 
0.0 -1.0 -1.0 3.0 -1.0 2.0 
2.0 0.0 -1.0 0.0 1.0 0.0 
0.0 -1.0 0.0 -1.0 0.0 1.0 
1.0 0.0 1.0 0.0 1.0 0.0 

time = 221
2.0 0.0 -1.0 0.0 2.0 0.0 
0.0 2.0 0.0 4.0 -1.0 2.0 
1.0 -1.0 -1.0 0.0 -1.0 0.0 
0.0 2.0 -1.0 2.0 0.0 2.0 
0.0 -1.0 0.0 -1.0 1.0 0.0 
0.0 1.0 0.0 1.0 0.0 1.0 

time = 222
0.0 2.0 -1.0 2.0 0.0 1.0 
2.0 0.0 2.0 0.0 -1.0 0.0 
0.0 -1.0 -1.0 2.0 -1.0 2.0 
2.0 0.0 -1.0 0.0 3.0 0.0 
0.0 -1.0 0.0 -1.0 0.0 1.0 
0.0 0.0 2.0 0.0 2.0 0.0 

time = 223
1.0 0.0 -1.0 0.0 2.0 0.0 
0.0 3.0 0.0 4.0 -1.0 2.0 
1.0 -1.0 -1.0 0.0 -1.0 0.0 
0.0 2.0 -1.0 1.0 0.0 0.0 
0.0 -1.0 0.0 -1.0 4.0 0.0 
0.0 2.0 0.0 0.0 0.0 1.0 

time = 224
0.0 1.0 -1.0 4.0 0.0 2.0 
2.0 0.0 3.0 0.0 -1.0 0.0 
0.0 -1.0 -1.0 2.0 -1.0 0.0 
2.0 0.0 -1.0 0.0 0.0 0.0 
0.0 -1.0 0.0 -1.0 0.0 3.0 
1.0 0.0 1.0 0.0 2.0 0.0 

time = 225
0.0 0.0 -1.0 0.0 1.0 0.0 
0.0 3.0 0.0 5.0 -1.0 2.0 
2.0 -1.0 -1.0 0.0 -1.0 0.0 
0.0 0.0 -1.0 2.0 0.0 1.0 
1.0 -1.0 0.0 -1.0 2.0 0.0 
0.0 2.0 0.0 1.0 0.0 1.0 

time = 226
0.0 1.0 -1.0 3.0 0.0 3.0 
4.0 0.0 0.0 0.0 -1.0 0.0 
0.0 -1.0 -1.0 3.0 -1.0 0.0 
0.0 0.0 -1.0 0.0 2.0 0.0 
0.0 -1.0 0.0 -1.0 0.0 2.0 
2.0 0.0 1.0 0.0 2.0 0.0 

time = 227
2.0 0.0 -1.0 0.0 1.0 0.0 
0.0 2.0 0.0 4.0 -1.0 3.0 
1.0 -1.0 -1.0 0.0 -1.0 0.0 
0.0 0.0 -1.0 1.0 0.0 2.0 
1.0 -1.0 0.0 -1.0 1.0 0.0 
0.0 1.0 0.0 2.0 0.0 2.0 

time = 228
0.0 2.0 -1.0 1.0 0.0 3.0 
2.0 0.0 3.0 0.0 -1.0 0.0 
0.0 -1.0 -1.0 2.0 -1.0 1.0 
1.0 0.0 -1.0 0.0 2.0 0.0 
0.0 -1.0 0.0 -1.0 0.0 2.0 
1.0 0.0 2.0 0.0 1.0 0.0 

time = 229
2.0 0.0 -1.0 0.0 2.0 0.0 
0.0 2.0 0.0 2.0 -1.0 3.0 
1.0 -1.0 -1.0 0.0 -1.0 0.0 
0.0 1.0 -1.0 3.0 0.0 3.0 
0.0 -1.0 1.0 -1.0 0.0 0.0 
0.0 1.0 0.0 2.0 0.0 0.0 

time = 230
0.0 2.0 -1.0 2.0 0.0 0.0 
1.0 0.0 3.0 0.0 -1.0 0.0 
0.0 -1.0 -1.0 3.0 -1.0 4.0 
1.0 0.0 -1.0 0.0 3.0 0.0 
0.0 -1.0 0.0 -1.0 0.0 1.0 
0.0 0.0 2.0 0.0 2.0 0.0 

time = 231
0.0 0.0 -1.0 0.0 0.0 0.0 
0.0 5.0 0.0 5.0 -1.0 2.0 
2.0 -1.0 -1.0 0.0 -1.0 0.0 
0.0 0.0 -1.0 1.0 0.0 4.0 
0.0 -1.0 2.0 -1.0 2.0 0.0 
0.0 0.0 0.0 0.0 0.0 1.0 

time = 232
0.0 4.0 -1.0 2.0 0.0 1.0 
2.0 0.0 1.0 0.0 -1.0 0.0 
0.0 -1.0 -1.0 3.0 -1.0 3.0 
0.0 0.0 -1.0 0.0 1.0 0.0 
0.0 -1.0 0.0 -1.0 0.0 2.0 
0.0 0.0 2.0 0.0 3.0 0.0 

time = 233
2.0 0.0 -1.0 0.0 1.0 0.0 
0.0 4.0 0.0 4.0 -1.0 3.0 
0.0 -1.0 -1.0 0.0 -1.0 0.0 
0.0 0.0 -1.0 2.0 0.0 2.0 
0.0 -1.0 0.0 -1.0 2.0 0.0 
0.0 0.0 0.0 3.0 0.0 1.0 

time = 234
0.0 5.0 -1.0 4.0 0.0 1.0 
1.0 0.0 1.0 0.0 -1.0 0.0 
0.0 -1.0 -1.0 2.0 -1.0 3.0 
0.0 0.0 -1.0 0.0 1.0 0.0 
0.0 -1.0 0.0 -1.0 0.0 0.0 
0.0 0.0 2.0 0.0 4.0 0.0 

time = 235
3.0 0.0 -1.0 0.0 4.0 0.0 
0.0 4.0 0.0 3.0 -1.0 2.0 
0.0 -1.0 -1.0 0.0 -1.0 0.0 
0.0 0.0 -1.0 0.0 0.0 2.0 
0.0 -1.0 1.0 -1.0 2.0 0.0 
0.0 0.0 0.0 1.0 0.0 2.0 

time = 236
0.0 2.0 -1.0 4.0 0.0 3.0 
3.0 0.0 4.0 0.0 -1.0 0.0 
0.0 -1.0 -1.0 0.0 -1.0 2.0 
0.0 0.0 -1.0 0.0 2.0 0.0 
0.0 -1.0 0.0 -1.0 0.0 1.0 
0.0 0.0 1.0 0.0 2.0 0.0 

time = 237
3.0 0.0 -1.0 0.0 5.0 0.0 
0.0 3.0 0.0 3.0 -1.0 2.0 
1.0 -1.0 -1.0 0.0 -1.0 0.0 
0.0 0.0 -1.0 2.0 0.0 2.0 
0.0 -1.0 0.0 -1.0 0.0 0.0 
0.0 1.0 0.0 0.0 0.0 2.0 

time = 238
0.0 2.0 -1.0 2.0 0.0 4.0 
3.0 0.0 5.0 0.0 -1.0 0.0 
0.0 -1.0 -1.0 1.0 -1.0 1.0 
0.0 0.0 -1.0 0.0 2.0 0.0 
0.0 -1.0 0.0 -1.0 0.0 3.0 
0.0 0.0 1.0 0.0 0.0 0.0 

time = 239
3.0 0.0 -1.0 0.0 6.0 0.0 
0.0 3.0 0.0 3.0 -1.0 0.0 
1.0 -1.0 -1.0 0.0 -1.0 0.0 
0.0 0.0 -1.0 1.0 0.0 4.0 
0.0 -1.0 0.0 -1.0 1.0 0.0 
0.0 0.0 0.0 1.0 0.0 1.0 

time = 240
0.0 3.0 -1.0 3.0 0.0 3.0 
4.0 0.0 1.0 0.0 -1.0 0.0 
0.0 -1.0 -1.0 3.0 -1.0 1.0 
0.0 0.0 -1.0 0.0 5.0 0.0 
0.0 -1.0 0.0 -1.0 0.0 0.0 
0.0 0.0 0.0 0.0 2.0 0.0 

time = 241
1.0 0.0 -1.0 0.0 4.0 0.0 
0.0 6.0 0.0 2.0 -1.0 1.0 
1.0 -1.0 -1.0 0.0 -1.0 0.0 
0.0 0.0 -1.0 5.0 0.0 2.0 
0.0 -1.0 0.0 -1.0 3.0 0.0 
0.0 0.0 0.0 0.0 0.0 0.0 

time = 242
0.0 3.0 -1.0 1.0 0.0 3.0 
4.0 0.0 0.0 0.0 -1.0 0.0 
0.0 -1.0 -1.0 2.0 -1.0 1.0 
1.0 0.0 -1.0 0.0 5.0 0.0 
0.0 -1.0 0.0 -1.0 0.0 3.0 
0.0 0.0 0.0 0.0 2.0 0.0 

time = 243
2.0 0.0 -1.0 0.0 3.0 0.0 
0.0 3.0 0.0 0.0 -1.0 2.0 
2.0 -1.0 -1.0 0.0 -1.0 0.0 
0.0 0.0 -1.0 2.0 0.0 3.0 
1.0 -1.0 0.0 -1.0 4.0 0.0 
0.0 0.0 0.0 1.0 0.0 2.0 

time = 244
0.0 4.0 -1.0 3.0 0.0 1.0 
1.0 0.0 0.0 0.0 -1.0 0.0 
0.0 -1.0 -1.0 0.0 -1.0 2.0 
2.0 0.0 -1.0 0.0 4.0 0.0 
0.0 -1.0 0.0 -1.0 0.0 4.0 
1.0 0.0 1.0 0.0 2.0 0.0 

time = 245
1.0 0.0 -1.0 0.0 2.0 0.0 
0.0 4.0 0.0 1.0 -1.0 3.0 
0.0 -1.0 -1.0 0.0 -1.0 0.0 
0.0 2.0 -1.0 1.0 0.0 2.0 
1.0 -1.0 0.0 -1.0 7.0 0.0 
0.0 0.0 0.0 1.0 0.0 0.0 

time = 246
0.0 2.0 -1.0 0.0 0.0 3.0 
3.0 0.0 0.0 0.0 -1.0 0.0 
0.0 -1.0 -1.0 2.0 -1.0 3.0 
2.0 0.0 -1.0 0.0 1.0 0.0 
0.0 -1.0 0.0 -1.0 0.0 6.0 
1.0 0.0 0.0 0.0 2.0 0.0 

time = 247
2.0 0.0 -1.0 0.0 1.0 0.0 
0.0 2.0 0.0 1.0 -1.0 3.0 
3.0 -1.0 -1.0 0.0 -1.0 0.0 
0.0 0.0 -1.0 1.0 0.0 5.0 
1.0 -1.0 0.0 -1.0 2.0 0.0 
0.0 0.0 0.0 1.0 0.0 3.0 

time = 248
0.0 1.0 -1.0 0.0 0.0 1.0 
4.0 0.0 2.0 0.0 -1.0 0.0 
0.0 -1.0 -1.0 1.0 -1.0 6.0 
2.0 0.0 -1.0 0.0 1.0 0.0 
0.0 -1.0 0.0 -1.0 0.0 2.0 
0.0 0.0 1.0 0.0 4.0 0.0 

time = 249
2.0 0.0 -1.0 0.0 0.0 0.0 
0.0 4.0 0.0 0.0 -1.0 4.0 
2.0 -1.0 -1.0 0.0 -1.0 0.0 
0.0 1.0 -1.0 1.0 0.0 4.0 
0.0 -1.0 0.0 -1.0 1.0 0.0 
0.0 0.0 0.0 4.0 0.0 2.0 

time = 250
0.0 3.0 -1.0 0.0 0.0 1.0 
2.0 0.0 2.0 0.0 -1.0 0.0 
0.0 -1.0 -1.0 1.0 -1.0 4.0 
2.0 0.0 -1.0 0.0 1.0 0.0 
0.0 -1.0 0.0 -1.0 0.0 3.0 
0.0 0.0 3.0 0.0 4.0 0.0 

time = 251
3.0 0.0 -1.0 0.0 1.0 0.0 
0.0 3.0 0.0 0.0 -1.0 4.0 
1.0 -1.0 -1.0 0.0 -1.0 0.0 
0.0 1.0 -1.0 1.0 0.0 0.0 
1.0 -1.0 1.0 -1.0 2.0 0.0 
0.0 0.0 0.0 4.0 0.0 4.0 

time = 252
0.0 3.0 -1.0 0.0 0.0 4.0 
2.0 0.0 1.0 0.0 -1.0 0.0 
0.0 -1.0 -1.0 0.0 -1.0 1.0 
2.0 0.0 -1.0 0.0 1.0 0.0 
0.0 -1.0 0.0 -1.0 0.0 2.0 
1.0 0.0 4.0 0.0 5.0 0.0 

time = 253
3.0 0.0 -1.0 0.0 1.0 0.0 
0.0 1.0 0.0 0.0 -1.0 4.0 
3.0 -1.0 -1.0 0.0 -1.0 0.0 
0.0 1.0 -1.0 0.0 0.0 1.0 
1.0 -1.0 0.0 -1.0 4.0 0.0 
0.0 2.0 0.0 4.0 0.0 1.0 

time = 254
0.0 1.0 -1.0 0.0 0.0 5.0 
5.0 0.0 0.0 0.0 -1.0 0.0 
0.0 -1.0 -1.0 0.0 -1.0 1.0 
3.0 0.0 -1.0 0.0 1.0 0.0 
0.0 -1.0 0.0 -1.0 0.0 4.0 
0.0 0.0 4.0 0.0 2.0 0.0 

time = 255
0.0 0.0 -1.0 0.0 2.0 0.0 
0.0 3.0 0.0 0.0 -1.0 3.0 
5.0 -1.0 -1.0 0.0 -1.0 0.0 
0.0 1.0 -1.0 1.0 0.0 2.0 
0.0 -1.0 2.0 -1.0 1.0 0.0 
0.0 1.0 0.0 2.0 0.0 3.0 

time = 256
0.0 1.0 -1.0 1.0 0.0 3.0 
3.0 0.0 2.0 0.0 -1.0 0.0 
0.0 -1.0 -1.0 1.0 -1.0 1.0 
3.0 0.0 -1.0 0.0 2.0 0.0 
0.0 -1.0 0.0 -1.0 0.0 3.0 
1.0 0.0 3.0 0.0 2.0 0.0 

time = 257
3.0 0.0 -1.0 0.0 2.0 0.0 
0.0 0.0 0.0 3.0 -1.0 3.0 
3.0 -1.0 -1.0 0.0 -1.0 0.0 
0.0 0.0 -1.0 1.0 0.0 1.0 
1.0 -1.0 1.0 -1.0 3.0 0.0 
0.0 2.0 0.0 1.0 0.0 2.0 

time = 258
0.0 1.0 -1.0 3.0 0.0 1.0 
3.0 0.0 1.0 0.0 -1.0 0.0 
0.0 -1.0 -1.0 0.0 -1.0 3.0 
3.0 0.0 -1.0 0.0 3.0 0.0 
0.0 -1.0 0.0 -1.0 0.0 2.0 
0.0 0.0 4.0 0.0 2.0 0.0 

time = 259
4.0 0.0 -1.0 0.0 3.0 0.0 
0.0 1.0 0.0 1.0 -1.0 3.0 
1.0 -1.0 -1.0 0.0 -1.0 0.0 
0.0 1.0 -1.0 2.0 0.0 1.0 
1.0 -1.0 1.0 -1.0 1.0 0.0 
0.0 0.0 0.0 5.0 0.0 1.0 

time = 260
0.0 2.0 -1.0 1.0 0.0 4.0 
3.0 0.0 1.0 0.0 -1.0 0.0 
0.0 -1.0 -1.0 3.0 -1.0 2.0 
2.0 0.0 -1.0 0.0 1.0 0.0 
0.0 -1.0 0.0 -1.0 0.0 1.0 
1.0 0.0 1.0 0.0 5.0 0.0 

time = 261
1.0 0.0 -1.0 0.0 2.0 0.0 
0.0 4.0 0.0 3.0 -1.0 4.0 
2.0 -1.0 -1.0 0.0 -1.0 0.0 
0.0 0.0 -1.0 1.0 0.0 2.0 
2.0 -1.0 1.0 -1.0 2.0 0.0 
0.0 0.0 0.0 1.0 0.0 2.0 

time = 262
0.0 1.0 -1.0 2.0 0.0 3.0 
4.0 0.0 3.0 0.0 -1.0 0.0 
0.0 -1.0 -1.0 1.0 -1.0 2.0 
1.0 0.0 -1.0 0.0 2.0 0.0 
0.0 -1.0 0.0 -1.0 0.0 4.0 
1.0 0.0 1.0 0.0 2.0 0.0 

time = 263
3.0 0.0 -1.0 0.0 2.0 0.0 
0.0 4.0 0.0 2.0 -1.0 2.0 
1.0 -1.0 -1.0 0.0 -1.0 0.0 
0.0 1.0 -1.0 1.0 0.0 5.0 
1.0 -1.0 1.0 -1.0 3.0 0.0 
0.0 0.0 0.0 0.0 0.0 1.0 

time = 264
0.0 1.0 -1.0 1.0 0.0 1.0 
4.0 0.0 2.0 0.0 -1.0 0.0 
0.0 -1.0 -1.0 3.0 -1.0 3.0 
3.0 0.0 -1.0 0.0 1.0 0.0 
0.0 -1.0 0.0 -1.0 0.0 7.0 
0.0 0.0 1.0 0.0 0.0 0.0 

time = 265
0.0 0.0 -1.0 0.0 1.0 0.0 
0.0 4.0 0.0 4.0 -1.0 3.0 
1.0 -1.0 -1.0 0.0 -1.0 0.0 
0.0 1.0 -1.0 2.0 0.0 2.0 
2.0 -1.0 0.0 -1.0 3.0 0.0 
0.0 0.0 0.0 1.0 0.0 3.0 

time = 266
0.0 1.0 -1.0 3.0 0.0 1.0 
1.0 0.0 5.0 0.0 -1.0 0.0 
0.0 -1.0 -1.0 0.0 -1.0 3.0 
2.0 0.0 -1.0 0.0 4.0 0.0 
0.0 -1.0 0.0 -1.0 0.0 2.0 
1.0 0.0 0.0 0.0 4.0 0.0 

time = 267
2.0 0.0 -1.0 0.0 1.0 0.0 
0.0 4.0 0.0 3.0 -1.0 2.0 
0.0 -1.0 -1.0 0.0 -1.0 0.0 
0.0 0.0 -1.0 1.0 0.0 3.0 
2.0 -1.0 0.0 -1.0 4.0 0.0 
0.0 1.0 0.0 2.0 0.0 2.0 

time = 268
0.0 3.0 -1.0 2.0 0.0 0.0 
2.0 0.0 3.0 0.0 -1.0 0.0 
0.0 -1.0 -1.0 1.0 -1.0 4.0 
0.0 0.0 -1.0 0.0 1.0 0.0 
0.0 -1.0 0.0 -1.0 0.0 4.0 
2.0 0.0 1.0 0.0 4.0 0.0 

time = 269
2.0 0.0 -1.0 0.0 2.0 0.0 
0.0 2.0 0.0 4.0 -1.0 1.0 
1.0 -1.0 -1.0 0.0 -1.0 0.0 
0.0 0.0 -1.0 0.0 0.0 6.0 
1.0 -1.0 0.0 -1.0 4.0 0.0 
0.0 1.0 0.0 3.0 0.0 0.0 

time = 270
0.0 2.0 -1.0 3.0 0.0 1.0 
3.0 0.0 1.0 0.0 -1.0 0.0 
0.0 -1.0 -1.0 2.0 -1.0 4.0 
0.0 0.0 -1.0 0.0 4.0 0.0 
0.0 -1.0 0.0 -1.0 0.0 1.0 
1.0 0.0 3.0 0.0 3.0 0.0 

time = 271
0.0 0.0 -1.0 0.0 2.0 0.0 
0.0 4.0 0.0 2.0 -1.0 4.0 
2.0 -1.0 -1.0 0.0 -1.0 0.0 
0.0 0.0 -1.0 1.0 0.0 3.0 
0.0 -1.0 2.0 -1.0 2.0 0.0 
0.0 2.0 0.0 0.0 0.0 4.0 

time = 272
0.0 0.0 -1.0 1.0 0.0 3.0 
3.0 0.0 3.0 0.0 -1.0 0.0 
0.0 -1.0 -1.0 0.0 -1.0 4.0 
1.0 0.0 -1.0 0.0 2.0 0.0 
0.0 -1.0 0.0 -1.0 0.0 4.0 
0.0 0.0 4.0 0.0 3.0 0.0 

time = 273
1.0 0.0 -1.0 0.0 2.0 0.0 
0.0 3.0 0.0 1.0 -1.0 3.0 
2.0 -1.0 -1.0 0.0 -1.0 0.0 
0.0 0.0 -1.0 0.0 0.0 4.0 
1.0 -1.0 0.0 -1.0 4.0 0.0 
0.0 3.0 0.0 1.0 0.0 3.0 

time = 274
0.0 2.0 -1.0 2.0 0.0 1.0 
2.0 0.0 2.0 0.0 -1.0 0.0 
0.0 -1.0 -1.0 0.0 -1.0 3.0 
2.0 0.0 -1.0 0.0 3.0 0.0 
0.0 -1.0 0.0 -1.0 0.0 6.0 
2.0 0.0 1.0 0.0 2.0 0.0 

time = 275
2.0 0.0 -1.0 0.0 3.0 0.0 
0.0 3.0 0.0 1.0 -1.0 3.0 
0.0 -1.0 -1.0 0.0 -1.0 0.0 
0.0 2.0 -1.0 0.0 0.0 4.0 
1.0 -1.0 0.0 -1.0 3.0 0.0 
0.0 1.0 0.0 2.0 0.0 3.0 

time = 276
0.0 1.0 -1.0 1.0 0.0 4.0 
1.0 0.0 3.0 0.0 -1.0 0.0 
0.0 -1.0 -1.0 0.0 -1.0 2.0 
3.0 0.0 -1.0 0.0 1.0 0.0 
0.0 -1.0 0.0 -1.0 0.0 7.0 
1.0 0.0 1.0 0.0 3.0 0.0 

time = 277
1.0 0.0 -1.0 0.0 1.0 0.0 
0.0 1.0 0.0 4.0 -1.0 4.0 
1.0 -1.0 -1.0 0.0 -1.0 0.0 
0.0 1.0 -1.0 1.0 0.0 2.0 
2.0 -1.0 0.0 -1.0 2.0 0.0 
0.0 0.0 0.0 2.0 0.0 6.0 

time = 278
0.0 1.0 -1.0 2.0 0.0 2.0 
2.0 0.0 3.0 0.0 -1.0 0.0 
0.0 -1.0 -1.0 1.0 -1.0 3.0 
2.0 0.0 -1.0 0.0 2.0 0.0 
0.0 -1.0 0.0 -1.0 0.0 3.0 
1.0 0.0 0.0 0.0 6.0 0.0 

time = 279
2.0 0.0 -1.0 0.0 1.0 0.0 
0.0 3.0 0.0 4.0 -1.0 2.0 
0.0 -1.0 -1.0 0.0 -1.0 0.0 
0.0 1.0 -1.0 1.0 0.0 3.0 
1.0 -1.0 0.0 -1.0 4.0 0.0 
0.0 1.0 0.0 3.0 0.0 2.0 

time = 280
0.0 3.0 -1.0 1.0 0.0 2.0 
0.0 0.0 4.0 0.0 -1.0 0.0 
0.0 -1.0 -1.0 2.0 -1.0 2.0 
2.0 0.0 -1.0 0.0 2.0 0.0 
0.0 -1.0 0.0 -1.0 0.0 4.0 
1.0 0.0 0.0 0.0 6.0 0.0 

time = 281
1.0 0.0 -1.0 0.0 2.0 0.0 
0.0 4.0 0.0 3.0 -1.0 0.0 
1.0 -1.0 -1.0 0.0 -1.0 0.0 
0.0 0.0 -1.0 2.0 0.0 5.0 
1.0 -1.0 0.0 -1.0 2.0 0.0 
0.0 1.0 0.0 1.0 0.0 6.0 

time = 282
0.0 1.0 -1.0 3.0 0.0 2.0 
2.0 0.0 2.0 0.0 -1.0 0.0 
0.0 -1.0 -1.0 1.0 -1.0 1.0 
1.0 0.0 -1.0 0.0 2.0 0.0 
0.0 -1.0 0.0 -1.0 0.0 7.0 
1.0 0.0 2.0 0.0 4.0 0.0 

time = 283
2.0 0.0 -1.0 0.0 2.0 0.0 
0.0 1.0 0.0 4.0 -1.0 2.0 
1.0 -1.0 -1.0 0.0 -1.0 0.0 
0.0 1.0 -1.0 2.0 0.0 3.0 
0.0 -1.0 0.0 -1.0 1.0 0.0 
0.0 2.0 0.0 4.0 0.0 4.0 

time = 284
0.0 1.0 -1.0 3.0 0.0 3.0 
2.0 0.0 2.0 0.0 -1.0 0.0 
0.0 -1.0 -1.0 1.0 -1.0 0.0 
2.0 0.0 -1.0 0.0 3.0 0.0 
0.0 -1.0 0.0 -1.0 0.0 3.0 
2.0 0.0 2.0 0.0 5.0 0.0 

time = 285
2.0 0.0 -1.0 0.0 2.0 0.0 
0.0 2.0 0.0 2.0 -1.0 2.0 
2.0 -1.0 -1.0 0.0 -1.0 0.0 
0.0 1.0 -1.0 2.0 0.0 1.0 
2.0 -1.0 1.0 -1.0 5.0 0.0 
0.0 0.0 0.0 2.0 0.0 3.0 

time = 286
0.0 0.0 -1.0 1.0 0.0 3.0 
5.0 0.0 1.0 0.0 -1.0 0.0 
0.0 -1.0 -1.0 1.0 -1.0 1.0 
1.0 0.0 -1.0 0.0 2.0 0.0 
0.0 -1.0 0.0 -1.0 0.0 4.0 
2.0 0.0 1.0 0.0 7.0 0.0 

time = 287
1.0 0.0 -1.0 0.0 3.0 0.0 
0.0 1.0 0.0 2.0 -1.0 2.0 
3.0 -1.0 -1.0 0.0 -1.0 0.0 
0.0 0.0 -1.0 2.0 0.0 1.0 
1.0 -1.0 0.0 -1.0 3.0 0.0 
0.0 3.0 0.0 4.0 0.0 3.0 

time = 288
0.0 1.0 -1.0 4.0 0.0 3.0 
4.0 0.0 0.0 0.0 -1.0 0.0 
0.0 -1.0 -1.0 2.0 -1.0 0.0 
1.0 0.0 -1.0 0.0 1.0 0.0 
0.0 -1.0 0.0 -1.0 0.0 4.0 
2.0 0.0 3.0 0.0 4.0 0.0 

time = 289
2.0 0.0 -1.0 0.0 3.0 0.0 
0.0 1.0 0.0 3.0 -1.0 2.0 
2.0 -1.0 -1.0 0.0 -1.0 0.0 
0.0 1.0 -1.0 2.0 0.0 0.0 
1.0 -1.0 1.0 -1.0 4.0 0.0 
0.0 2.0 0.0 1.0 0.0 4.0 

time = 290
0.0 1.0 -1.0 0.0 0.0 4.0 
4.0 0.0 2.0 0.0 -1.0 0.0 
0.0 -1.0 -1.0 3.0 -1.0 1.0 
2.0 0.0 -1.0 0.0 2.0 0.0 
0.0 -1.0 0.0 -1.0 0.0 2.0 
1.0 0.0 3.0 0.0 5.0 0.0 

time = 291
3.0 0.0 -1.0 0.0 1.0 0.0 
0.0 3.0 0.0 1.0 -1.0 3.0 
2.0 -1.0 -1.0 0.0 -1.0 0.0 
0.0 1.0 -1.0 2.0 0.0 4.0 
0.0 -1.0 0.0 -1.0 3.0 0.0 
0.0 1.0 0.0 4.0 0.0 2.0 

time = 292
0.0 3.0 -1.0 1.0 0.0 2.0 
1.0 0.0 3.0 0.0 -1.0 0.0 
0.0 -1.0 -1.0 1.0 -1.0 4.0 
2.0 0.0 -1.0 0.0 2.0 0.0 
0.0 -1.0 0.0 -1.0 0.0 2.0 
0.0 0.0 4.0 0.0 5.0 0.0 

time = 293
0.0 0.0 -1.0 0.0 1.0 0.0 
0.0 5.0 0.0 3.0 -1.0 4.0 
1.0 -1.0 -1.0 0.0 -1.0 0.0 
0.0 2.0 -1.0 1.0 0.0 2.0 
0.0 -1.0 1.0 -1.0 3.0 0.0 
0.0 0.0 0.0 4.0 0.0 3.0 

time = 294
0.0 0.0 -1.0 2.0 0.0 3.0 
3.0 0.0 3.0 0.0 -1.0 0.0 
0.0 -1.0 -1.0 1.0 -1.0 3.0 
3.0 0.0 -1.0 0.0 2.0 0.0 
0.0 -1.0 0.0 -1.0 0.0 3.0 
0.0 0.0 3.0 0.0 4.0 0.0 

time = 295
1.0 0.0 -1.0 0.0 1.0 0.0 
0.0 5.0 0.0 2.0 -1.0 6.0 
1.0 -1.0 -1.0 0.0 -1.0 0.0 
0.0 1.0 -1.0 0.0 0.0 0.0 
1.0 -1.0 2.0 -1.0 3.0 0.0 
0.0 1.0 0.0 1.0 0.0 5.0 

time = 296
0.0 2.0 -1.0 1.0 0.0 5.0 
2.0 0.0 3.0 0.0 -1.0 0.0 
0.0 -1.0 -1.0 0.0 -1.0 2.0 
3.0 0.0 -1.0 0.0 0.0 0.0 
0.0 -1.0 0.0 -1.0 0.0 6.0 
1.0 0.0 3.0 0.0 2.0 0.0 

time = 297
3.0 0.0 -1.0 0.0 3.0 0.0 
0.0 2.0 0.0 3.0 -1.0 3.0 
1.0 -1.0 -1.0 0.0 -1.0 0.0 
0.0 2.0 -1.0 0.0 0.0 2.0 
1.0 -1.0 1.0 -1.0 2.0 0.0 
0.0 1.0 0.0 2.0 0.0 4.0 

time = 298
0.0 2.0 -1.0 3.0 0.0 4.0 
3.0 0.0 2.0 0.0 -1.0 0.0 
0.0 -1.0 -1.0 1.0 -1.0 0.0 
2.0 0.0 -1.0 0.0 2.0 0.0 
0.0 -1.0 0.0 -1.0 0.0 3.0 
2.0 0.0 2.0 0.0 4.0 0.0 

time = 299
3.0 0.0 -1.0 0.0 3.0 0.0 
0.0 1.0 0.0 4.0 -1.0 3.0 
2.0 -1.0 -1.0 0.0 -1.0 0.0 
0.0 1.0 -1.0 1.0 0.0 1.0 
1.0 -1.0 1.0 -1.0 3.0 0.0 
0.0 1.0 0.0 2.0 0.0 3.0 

